010010101000010011
010010110000010100
010010110000010101
010010111000010110
010010111000010111
010010111000011000
010011000000011001
010011000000011010
010011001000011011
010011001000011100
010011001000011101
010011010000011110
010011010000011111
010011010000100000
010011011000100000
010011011000100001
010011100000100010
010011100000100011
010011100000100100
010011101000100101
010011101000100110
010011101000100111
010011110000101000
010011110000101001
010011111000101010
010011111000101011
010011111000101100
010100000000101100
010100000000101101
010100001000101110
010100001000101111
010100001000110000
010100010000110001
010100010000110010
010100010000110011
010100011000110100
010100011000110101
010100100000110110
010100100000110111
010100100000111000
010100101000111001
010100101000111001
010100101000111010
010100110000111011
010100110000111100
010100111000111101
010100111000111110
010100111000111111
010101000001000000
010101000001000001
010101001001000010
010101001001000011
010101001001000100
010101010001000101
010101010001000101
010101010001000110
010101011001000111
010101011001001000
010101100001001001
010101100001001010
010101100001001011
010101101001001100
010101101001001101
010101101001001110
010101110001001111
010101110001010000
010101111001010001
010101111001010010
010101111001010010
010110000001010011
010110000001010100
010110001001010101
010110001001010110
010110001001010111
010110010001011000
010110010001011001
010110010001011010
010110011001011011
010110011001011100
010110100001011101
010110100001011110
010110100001011110
010110101001011111
010110101001100000
010110101001100001
010110110001100010
010110110001100011
010110111001100100
010110111001100101
010110111001100110
010111000001100111
010111000001101000
010111001001101001
010111001001101010
010111001001101011
010111010001101011
010111010001101100
010111010001101101
010111011001101110
010111011001101111
010111100001110000
010111100001110001
010111100001110010
010111101001110011
010111101001110100
010111101001110101
010111110001110110
010111110001110111
010111111001110111
010111111001111000
010111111001111001
011000000001111010
011000000001111011
011000001001111100
011000001001111101
011000001001111110
011000010001111111
011000010010000000
011000010010000001
011000011010000010
011000011010000011
011000100010000100
011000100010000100
011000100010000101
011000101010000110
011000101010000111
011000101010001000
011000110010001001
011000110010001010
011000111010001011
011000111010001100
011000111010001101
011001000010001110
011001000010001111
011001001010010000
011001001010010000
011001001010010001
011001010010010010
011001010010010011
011001010010010100
011001011010010101
011001011010010110
011001100010010111
011001100010011000
011001100010011001
011001101010011010
011001101010011011
011001101010011100
011001110010011101
011001110010011101
011001111010011110
011001111010011111
011001111010100000
011010000010100001
011010000010100010
011010001010100011
011010001010100100
011010001010100101
011010010010100110
011010010010100111
011010010010101000
011010011010101001
011010011010101001
011010100010101010
011010100010101011
011010100010101100
011010101010101101
011010101010101110
011010101010101111
011010110010110000
011010110010110001
011010111010110010
011010111010110011
011010111010110100
011011000010110101
011011000010110110
011011001010110110
011011001010110111
011011001010111000
011011010010111001
011011010010111010
011011010010111011
011011011010111100
011011011010111101
011011100010111110
011011100010111111
011011100011000000
011011101011000001
011011101011000010
011011101011000010
