111100000011110000
111011111011110000
111011110011110000
111011101011110000
111011100011110000
111011011011110000
111011010011110000
111011001011110000
111011000011110000
111010111011110000
111010110011110000
111010101011110000
111010100011110000
111010011011110000
111010010011110000
111010001011110000
111010000011110000
111001111011110000
111001110011110000
111001101011110000
111001100011110000
111001011011110000
111001010011110000
111001001011110000
111001000011110000
111000111011110000
111000110011110000
111000101011110000
111000100011110000
111000011011110000
111000010011110000
111000001011110000
111000000011110000
110111111011110000
110111110011110000
110111101011110000
110111100011110000
110111011011110000
110111010011110000
110111001011110000
110111000011110000
110110111011110000
110110110011110000
110110101011110000
110110100011110000
110110011011110000
110110010011110000
110110001011110000
110110000011110000
110101111011110000
110101110011110000
110101101011110000
110101100011110000
110101011011110000
110101010011110000
110101001011110000
110101000011110000
110100111011110000
110100110011110000
110100101011110000
110100100011110000
110100011011110000
110100010011110000
110100001011110000
110100000011110000
110011111011110000
110011110011110000
110011101011110000
110011100011110000
110011011011110000
110011010011110000
110011001011110000
110011000011110000
110010111011110000
110010110011110000
110010101011110000
110010100011110000
110010011011110000
110010010011110000
110010001011110000
110010000011110000
110001111011110000
110001110011110000
110001101011110000
110001100011110000
110001011011110000
110001010011110000
110001001011110000
110001000011110000
110000111011110000
110000110011110000
110000101011110000
110000100011110000
110000011011110000
110000010011110000
110000001011110000
110000000011110000
101111111011110000
101111110011110000
101111101011110000
101111100011110000
101111011011110000
101111010011110000
101111001011110000
101111000011110000
101110111011110000
101110110011110000
101110101011110000
101110100011110000
101110011011110000
101110010011110000
101110001011110000
101110000011110000
101101111011110000
101101110011110000
101101101011110000
101101100011110000
101101011011110000
101101010011110000
101101001011110000
101101000011110000
101100111011110000
101100110011110000
101100101011110000
101100100011110000
101100011011110000
101100010011110000
101100001011110000
101100000011110000
101011111011110000
101011110011110000
101011101011110000
101011100011110000
101011011011110000
101011010011110000
101011001011110000
101011000011110000
101010111011110000
101010110011110000
101010101011110000
101010100011110000
101010011011110000
101010010011110000
101010001011110000
101010000011110000
101001111011110000
101001110011110000
101001101011110000
101001100011110000
101001011011110000
101001010011110000
101001001011110000
101001000011110000
101000111011110000
101000110011110000
101000101011110000
101000100011110000
101000011011110000
101000010011110000
101000001011110000
101000000011110000
100111111011110000
100111110011110000
100111101011110000
100111100011110000
100111011011110000
100111010011110000
100111001011110000
100111000011110000
100110111011110000
100110110011110000
100110101011110000
100110100011110000
100110011011110000
100110010011110000
100110001011110000
100110000011110000
100101111011110000
100101110011110000
100101101011110000
100101100011110000
100101011011110000
100101010011110000
100101001011110000
100101000011110000
100100111011110000
100100110011110000
100100101011110000
100100100011110000
100100010011110000
