011110000111100000
011110000111011111
011110000111011110
011110000111011101
011110000111011100
011110000111011011
011110000111011010
011110000111011001
011110000111011000
011110000111010111
011110000111010110
011110000111010101
011110000111010100
011110000111010011
011110000111010010
011110000111010001
011110000111010000
011110000111001111
011110000111001110
011110000111001101
011110000111001100
011110000111001011
011110000111001010
011110000111001001
011110000111001000
011110000111000111
011110000111000110
011110000111000101
011110000111000100
011110000111000011
011110000111000010
011110000111000001
011110000111000000
011110000110111111
011110000110111110
011110000110111101
011110000110111100
011110000110111011
011110000110111010
011110000110111001
011110000110111000
011110000110110111
011110000110110110
011110000110110101
011110000110110100
011110000110110011
011110000110110010
011110000110110001
011110000110110000
011110000110101111
011110000110101110
011110000110101101
011110000110101100
011110000110101011
011110000110101010
011110000110101001
011110000110101000
011110000110100111
011110000110100110
011110000110100101
011110000110100100
011110000110100011
011110000110100010
011110000110100001
011110000110100000
011110000110011111
011110000110011110
011110000110011101
011110000110011100
011110000110011011
011110000110011010
011110000110011001
011110000110011000
011110000110010111
011110000110010110
011110000110010101
011110000110010100
011110000110010011
011110000110010010
011110000110010001
011110000110010000
011110000110001111
011110000110001110
011110000110001101
011110000110001100
011110000110001011
011110000110001010
011110000110001001
011110000110001000
011110000110000111
011110000110000110
011110000110000101
011110000110000100
011110000110000011
011110000110000010
011110000110000001
011110000110000000
011110000101111111
011110000101111110
011110000101111101
011110000101111100
011110000101111011
011110000101111010
011110000101111001
011110000101111000
011110000101110111
011110000101110110
011110000101110101
011110000101110100
011110000101110011
011110000101110010
011110000101110001
011110000101110000
011110000101101111
011110000101101110
011110000101101101
011110000101101100
011110000101101011
011110000101101010
011110000101101001
011110000101101000
011110000101100111
011110000101100110
011110000101100101
011110000101100100
011110000101100011
011110000101100010
011110000101100001
011110000101100000
011110000101011111
011110000101011110
011110000101011101
011110000101011100
011110000101011011
011110000101011010
011110000101011001
011110000101011000
011110000101010111
011110000101010110
011110000101010101
011110000101010100
011110000101010011
011110000101010010
011110000101010001
011110000101010000
011110000101001111
011110000101001110
011110000101001101
011110000101001100
011110000101001011
011110000101001010
011110000101001001
011110000101001000
011110000101000111
011110000101000110
011110000101000101
011110000101000100
011110000101000011
011110000101000010
011110000101000001
011110000101000000
011110000100111111
011110000100111110
011110000100111101
011110000100111100
011110000100111011
011110000100111010
011110000100111001
011110000100111000
011110000100110111
011110000100110110
011110000100110101
011110000100110100
011110000100110011
011110000100110010
011110000100110001
011110000100110000
011110000100101111
011110000100101110
011110000100101101
011110000100101100
011110000100101011
011110000100101010
011110000100101001
011110000100101000
011110000100100111
011110000100100110
011110000100100101
011110000100100100
011110000100100010
