110011001110011001
110011001110011001
110011000110011000
110010111110010111
110010111110010111
110010110110010110
110010101110010101
110010101110010101
110010100110010100
110010011110010011
110010010110010010
110010010110010010
110010001110010001
110010000110010000
110010000110010000
110001111110001111
110001110110001110
110001101110001101
110001101110001101
110001100110001100
110001011110001011
110001011110001011
110001010110001010
110001001110001001
110001000110001000
110001000110001000
110000111110000111
110000110110000110
110000110110000110
110000101110000101
110000100110000100
110000100110000100
110000011110000011
110000010110000010
110000001110000001
110000001110000001
110000000110000000
101111111101111111
101111111101111111
101111110101111110
101111101101111101
101111100101111100
101111100101111100
101111011101111011
101111010101111010
101111010101111010
101111001101111001
101111000101111000
101110111101110111
101110111101110111
101110110101110110
101110101101110101
101110101101110101
101110100101110100
101110011101110011
101110011101110011
101110010101110010
101110001101110001
101110000101110000
101110000101110000
101101111101101111
101101110101101110
101101110101101110
101101101101101101
101101100101101100
101101011101101011
101101011101101011
101101010101101010
101101001101101001
101101001101101001
101101000101101000
101100111101100111
101100110101100110
101100110101100110
101100101101100101
101100100101100100
101100100101100100
101100011101100011
101100010101100010
101100001101100001
101100001101100001
101100000101100000
101011111101011111
101011111101011111
101011110101011110
101011101101011101
101011101101011101
101011100101011100
101011011101011011
101011010101011010
101011010101011010
101011001101011001
101011000101011000
101011000101011000
101010111101010111
101010110101010110
101010101101010101
101010101101010101
101010100101010100
101010011101010011
101010011101010011
101010010101010010
101010001101010001
101010000101010000
101010000101010000
101001111101001111
101001110101001110
101001110101001110
101001101101001101
101001100101001100
101001100101001100
101001011101001011
101001010101001010
101001001101001001
101001001101001001
101001000101001000
101000111101000111
101000111101000111
101000110101000110
101000101101000101
101000100101000100
101000100101000100
101000011101000011
101000010101000010
101000010101000010
101000001101000001
101000000101000000
100111111100111111
100111111100111111
100111110100111110
100111101100111101
100111101100111101
100111100100111100
100111011100111011
100111010100111010
100111010100111010
100111001100111001
100111000100111000
100111000100111000
100110111100110111
100110110100110110
100110110100110110
100110101100110101
100110100100110100
100110011100110011
100110011100110011
100110010100110010
100110001100110001
100110001100110001
100110000100110000
100101111100101111
100101110100101110
100101110100101110
100101101100101101
100101100100101100
100101100100101100
100101011100101011
100101010100101010
100101001100101001
100101001100101001
100101000100101000
100100111100100111
100100111100100111
100100110100100110
100100101100100101
100100101100100101
100100100100100100
100100011100100011
100100010100100010
100100010100100010
100100001100100001
100100000100100000
100100000100100000
100011111100011111
100011110100011110
100011101100011101
100011101100011101
100011100100011100
100011011100011011
100011011100011011
100011010100011010
100011001100011001
100011000100011000
100011000100011000
100010111100010111
100010110100010110
100010110100010110
100010101100010101
100010100100010100
100010011100010011
