111001101010010101
111001101010010110
111001100010010110
111001011010010111
111001010010010111
111001001010010111
111001000010011000
111000111010011000
111000110010011001
111000101010011001
111000100010011001
111000011010011010
111000010010011010
111000001010011010
111000001010011011
111000000010011011
110111111010011100
110111110010011100
110111101010011100
110111100010011101
110111011010011101
110111010010011101
110111001010011110
110111000010011110
110110111010011111
110110110010011111
110110101010011111
110110100010100000
110110100010100000
110110011010100001
110110010010100001
110110001010100001
110110000010100010
110101111010100010
110101110010100010
110101101010100011
110101100010100011
110101011010100100
110101010010100100
110101001010100100
110101000010100101
110101000010100101
110100111010100101
110100110010100110
110100101010100110
110100100010100111
110100011010100111
110100010010100111
110100001010101000
110100000010101000
110011111010101001
110011110010101001
110011101010101001
110011100010101010
110011011010101010
110011011010101010
110011010010101011
110011001010101011
110011000010101100
110010111010101100
110010110010101100
110010101010101101
110010100010101101
110010011010101101
110010010010101110
110010001010101110
110010000010101111
110001111010101111
110001111010101111
110001110010110000
110001101010110000
110001100010110001
110001011010110001
110001010010110001
110001001010110010
110001000010110010
110000111010110010
110000110010110011
110000101010110011
110000100010110100
110000011010110100
110000010010110100
110000010010110101
110000001010110101
110000000010110101
101111111010110110
101111110010110110
101111101010110111
101111100010110111
101111011010110111
101111010010111000
101111001010111000
101111000010111001
101110111010111001
101110110010111001
101110110010111010
101110101010111010
101110100010111010
101110011010111011
101110010010111011
101110001010111100
101110000010111100
101101111010111100
101101110010111101
101101101010111101
101101100010111101
101101011010111110
101101010010111110
101101001010111111
101101001010111111
101101000010111111
101100111011000000
101100110011000000
101100101011000001
101100100011000001
101100011011000001
101100010011000010
101100001011000010
101100000011000010
101011111011000011
101011110011000011
101011101011000100
101011101011000100
101011100011000100
101011011011000101
101011010011000101
101011001011000101
101011000011000110
101010111011000110
101010110011000111
101010101011000111
101010100011000111
101010011011001000
101010010011001000
101010001011001001
101010000011001001
101010000011001001
101001111011001010
101001110011001010
101001101011001010
101001100011001011
101001011011001011
101001010011001100
101001001011001100
101001000011001100
101000111011001101
101000110011001101
101000101011001101
101000100011001110
101000100011001110
101000011011001111
101000010011001111
101000001011001111
101000000011010000
100111111011010000
100111110011010001
100111101011010001
100111100011010001
100111011011010010
100111010011010010
100111001011010010
100111000011010011
100110111011010011
100110111011010100
100110110011010100
100110101011010100
100110100011010101
100110011011010101
100110010011010101
100110001011010110
100110000011010110
100101111011010111
100101110011010111
100101101011010111
100101100011011000
100101011011011000
100101011011011001
100101010011011001
100101001011011001
100101000011011010
100100111011011010
100100110011011010
100100101011011011
100100100011011011
100100011011011100
100100010011011100
100100001011011100
100100000011011101
100011111011011101
100011110011011101
