000010011010010101
000010100010010110
000010101010010110
000010110010010111
000010111010010111
000011000010010111
000011001010011000
000011010010011000
000011011010011001
000011100010011001
000011101010011001
000011110010011010
000011111010011010
000100000010011010
000100000010011011
000100001010011011
000100010010011100
000100011010011100
000100100010011100
000100101010011101
000100110010011101
000100111010011101
000101000010011110
000101001010011110
000101010010011111
000101011010011111
000101100010011111
000101100010100000
000101101010100000
000101110010100001
000101111010100001
000110000010100001
000110001010100010
000110010010100010
000110011010100010
000110100010100011
000110101010100011
000110110010100100
000110111010100100
000111000010100100
000111001010100101
000111001010100101
000111010010100101
000111011010100110
000111100010100110
000111101010100111
000111110010100111
000111111010100111
001000000010101000
001000001010101000
001000010010101001
001000011010101001
001000100010101001
001000101010101010
001000101010101010
001000110010101010
001000111010101011
001001000010101011
001001001010101100
001001010010101100
001001011010101100
001001100010101101
001001101010101101
001001110010101101
001001111010101110
001010000010101110
001010001010101111
001010010010101111
001010010010101111
001010011010110000
001010100010110000
001010101010110001
001010110010110001
001010111010110001
001011000010110010
001011001010110010
001011010010110010
001011011010110011
001011100010110011
001011101010110100
001011110010110100
001011110010110100
001011111010110101
001100000010110101
001100001010110101
001100010010110110
001100011010110110
001100100010110111
001100101010110111
001100110010110111
001100111010111000
001101000010111000
001101001010111001
001101010010111001
001101011010111001
001101011010111010
001101100010111010
001101101010111010
001101110010111011
001101111010111011
001110000010111100
001110001010111100
001110010010111100
001110011010111101
001110100010111101
001110101010111101
001110110010111110
001110111010111110
001110111010111111
001111000010111111
001111001010111111
001111010011000000
001111011011000000
001111100011000001
001111101011000001
001111110011000001
001111111011000010
010000000011000010
010000001011000010
010000010011000011
010000011011000011
010000100011000100
010000100011000100
010000101011000100
010000110011000101
010000111011000101
010001000011000101
010001001011000110
010001010011000110
010001011011000111
010001100011000111
010001101011000111
010001110011001000
010001111011001000
010010000011001001
010010000011001001
010010001011001001
010010010011001010
010010011011001010
010010100011001010
010010101011001011
010010110011001011
010010111011001100
010011000011001100
010011001011001100
010011010011001101
010011011011001101
010011100011001101
010011101011001110
010011101011001110
010011110011001111
010011111011001111
010100000011001111
010100001011010000
010100010011010000
010100011011010001
010100100011010001
010100101011010001
010100110011010010
010100111011010010
010101000011010010
010101001011010011
010101001011010011
010101010011010100
010101011011010100
010101100011010100
010101101011010101
010101110011010101
010101111011010101
010110000011010110
010110001011010110
010110010011010111
010110011011010111
010110100011010111
010110101011011000
010110110011011000
010110110011011001
010110111011011001
010111000011011001
010111001011011010
010111010011011010
010111011011011010
010111100011011011
010111101011011011
010111110011011100
010111111011011100
011000000011011100
011000001011011101
011000010011011101
011000010011011101
