000010011101001011
000010100101001011
000010101101001011
000010110101001010
000010111101001010
000011000101001010
000011001101001001
000011010101001001
000011011101001000
000011100101001000
000011101101001000
000011110101000111
000011111101000111
000100000101000111
000100000101000110
000100001101000110
000100010101000101
000100011101000101
000100100101000101
000100101101000100
000100110101000100
000100111101000011
000101000101000011
000101001101000011
000101010101000010
000101011101000010
000101100101000010
000101100101000001
000101101101000001
000101110101000000
000101111101000000
000110000101000000
000110001100111111
000110010100111111
000110011100111111
000110100100111110
000110101100111110
000110110100111101
000110111100111101
000111000100111101
000111001100111100
000111001100111100
000111010100111011
000111011100111011
000111100100111011
000111101100111010
000111110100111010
000111111100111010
001000000100111001
001000001100111001
001000010100111000
001000011100111000
001000100100111000
001000101100110111
001000101100110111
001000110100110111
001000111100110110
001001000100110110
001001001100110101
001001010100110101
001001011100110101
001001100100110100
001001101100110100
001001110100110011
001001111100110011
001010000100110011
001010001100110010
001010010100110010
001010010100110010
001010011100110001
001010100100110001
001010101100110000
001010110100110000
001010111100110000
001011000100101111
001011001100101111
001011010100101111
001011011100101110
001011100100101110
001011101100101101
001011110100101101
001011110100101101
001011111100101100
001100000100101100
001100001100101011
001100010100101011
001100011100101011
001100100100101010
001100101100101010
001100110100101010
001100111100101001
001101000100101001
001101001100101000
001101010100101000
001101011100101000
001101011100100111
001101100100100111
001101101100100111
001101110100100110
001101111100100110
001110000100100101
001110001100100101
001110010100100101
001110011100100100
001110100100100100
001110101100100011
001110110100100011
001110111100100011
001110111100100010
001111000100100010
001111001100100010
001111010100100001
001111011100100001
001111100100100000
001111101100100000
001111110100100000
001111111100011111
010000000100011111
010000001100011111
010000010100011110
010000011100011110
010000100100011101
010000100100011101
010000101100011101
010000110100011100
010000111100011100
010001000100011011
010001001100011011
010001010100011011
010001011100011010
010001100100011010
010001101100011010
010001110100011001
010001111100011001
010010000100011000
010010000100011000
010010001100011000
010010010100010111
010010011100010111
010010100100010111
010010101100010110
010010110100010110
010010111100010101
010011000100010101
010011001100010101
010011010100010100
010011011100010100
010011100100010011
010011101100010011
010011101100010011
010011110100010010
010011111100010010
010100000100010010
010100001100010001
010100010100010001
010100011100010000
010100100100010000
010100101100010000
010100110100001111
010100111100001111
010101000100001111
010101001100001110
010101001100001110
010101010100001101
010101011100001101
010101100100001101
010101101100001100
010101110100001100
010101111100001011
010110000100001011
010110001100001011
010110010100001010
010110011100001010
010110100100001010
010110101100001001
010110110100001001
010110110100001000
010110111100001000
010111000100001000
010111001100000111
010111010100000111
010111011100000111
010111100100000110
010111101100000110
010111110100000101
010111111100000101
011000000100000101
011000001100000100
011000010100000100
011000010100000011
