101001011000010011
101001011000010100
101001011000010101
101001010000010110
101001010000010111
101001010000011000
101001001000011001
101001001000011010
101001000000011011
101001000000011100
101001000000011101
101000111000011110
101000111000011111
101000111000100000
101000110000100000
101000110000100001
101000101000100010
101000101000100011
101000101000100100
101000100000100101
101000100000100110
101000011000100111
101000011000101000
101000011000101001
101000010000101010
101000010000101011
101000010000101100
101000001000101100
101000001000101101
101000000000101110
101000000000101111
101000000000110000
100111111000110001
100111111000110010
100111111000110011
100111110000110100
100111110000110101
100111101000110110
100111101000110111
100111101000111000
100111100000111001
100111100000111001
100111011000111010
100111011000111011
100111011000111100
100111010000111101
100111010000111110
100111010000111111
100111001001000000
100111001001000001
100111000001000010
100111000001000011
100111000001000100
100110111001000101
100110111001000101
100110111001000110
100110110001000111
100110110001001000
100110101001001001
100110101001001010
100110101001001011
100110100001001100
100110100001001101
100110011001001110
100110011001001111
100110011001010000
100110010001010001
100110010001010010
100110010001010010
100110001001010011
100110001001010100
100110000001010101
100110000001010110
100110000001010111
100101111001011000
100101111001011001
100101111001011010
100101110001011011
100101110001011100
100101101001011101
100101101001011110
100101101001011110
100101100001011111
100101100001100000
100101011001100001
100101011001100010
100101011001100011
100101010001100100
100101010001100101
100101010001100110
100101001001100111
100101001001101000
100101000001101001
100101000001101010
100101000001101011
100100111001101011
100100111001101100
100100111001101101
100100110001101110
100100110001101111
100100101001110000
100100101001110001
100100101001110010
100100100001110011
100100100001110100
100100011001110101
100100011001110110
100100011001110111
100100010001110111
100100010001111000
100100010001111001
100100001001111010
100100001001111011
100100000001111100
100100000001111101
100100000001111110
100011111001111111
100011111010000000
100011111010000001
100011110010000010
100011110010000011
100011101010000100
100011101010000100
100011101010000101
100011100010000110
100011100010000111
100011011010001000
100011011010001001
100011011010001010
100011010010001011
100011010010001100
100011010010001101
100011001010001110
100011001010001111
100011000010010000
100011000010010000
100011000010010001
100010111010010010
100010111010010011
100010111010010100
100010110010010101
100010110010010110
100010101010010111
100010101010011000
100010101010011001
100010100010011010
100010100010011011
100010011010011100
100010011010011101
100010011010011101
100010010010011110
100010010010011111
100010010010100000
100010001010100001
100010001010100010
100010000010100011
100010000010100100
100010000010100101
100001111010100110
100001111010100111
100001111010101000
100001110010101001
100001110010101001
100001101010101010
100001101010101011
100001101010101100
100001100010101101
100001100010101110
100001011010101111
100001011010110000
100001011010110001
100001010010110010
100001010010110011
100001010010110100
100001001010110101
100001001010110110
100001000010110110
100001000010110111
100001000010111000
100000111010111001
100000111010111010
100000111010111011
100000110010111100
100000110010111101
100000101010111110
100000101010111111
100000101011000000
100000100011000001
100000100011000010
100000011011000010
