101001011111001101
101001011111001101
101001011111001100
101001010111001011
101001010111001010
101001010111001001
101001001111001000
101001001111000111
101001000111000110
101001000111000101
101001000111000100
101000111111000011
101000111111000010
101000111111000001
101000110111000001
101000110111000000
101000101110111111
101000101110111110
101000101110111101
101000100110111100
101000100110111011
101000011110111010
101000011110111001
101000011110111000
101000010110110111
101000010110110110
101000010110110101
101000001110110100
101000001110110100
101000000110110011
101000000110110010
101000000110110001
100111111110110000
100111111110101111
100111111110101110
100111110110101101
100111110110101100
100111101110101011
100111101110101010
100111101110101001
100111100110101000
100111100110101000
100111011110100111
100111011110100110
100111011110100101
100111010110100100
100111010110100011
100111010110100010
100111001110100001
100111001110100000
100111000110011111
100111000110011110
100111000110011101
100110111110011100
100110111110011011
100110111110011011
100110110110011010
100110110110011001
100110101110011000
100110101110010111
100110101110010110
100110100110010101
100110100110010100
100110011110010011
100110011110010010
100110011110010001
100110010110010000
100110010110001111
100110010110001111
100110001110001110
100110001110001101
100110000110001100
100110000110001011
100110000110001010
100101111110001001
100101111110001000
100101111110000111
100101110110000110
100101110110000101
100101101110000100
100101101110000011
100101101110000010
100101100110000010
100101100110000001
100101011110000000
100101011101111111
100101011101111110
100101010101111101
100101010101111100
100101010101111011
100101001101111010
100101001101111001
100101000101111000
100101000101110111
100101000101110110
100100111101110110
100100111101110101
100100111101110100
100100110101110011
100100110101110010
100100101101110001
100100101101110000
100100101101101111
100100100101101110
100100100101101101
100100011101101100
100100011101101011
100100011101101010
100100010101101001
100100010101101001
100100010101101000
100100001101100111
100100001101100110
100100000101100101
100100000101100100
100100000101100011
100011111101100010
100011111101100001
100011111101100000
100011110101011111
100011110101011110
100011101101011101
100011101101011101
100011101101011100
100011100101011011
100011100101011010
100011011101011001
100011011101011000
100011011101010111
100011010101010110
100011010101010101
100011010101010100
100011001101010011
100011001101010010
100011000101010001
100011000101010000
100011000101010000
100010111101001111
100010111101001110
100010111101001101
100010110101001100
100010110101001011
100010101101001010
100010101101001001
100010101101001000
100010100101000111
100010100101000110
100010011101000101
100010011101000100
100010011101000100
100010010101000011
100010010101000010
100010010101000001
100010001101000000
100010001100111111
100010000100111110
100010000100111101
100010000100111100
100001111100111011
100001111100111010
100001111100111001
100001110100111000
100001110100110111
100001101100110111
100001101100110110
100001101100110101
100001100100110100
100001100100110011
100001011100110010
100001011100110001
100001011100110000
100001010100101111
100001010100101110
100001010100101101
100001001100101100
100001001100101011
100001000100101011
100001000100101010
100001000100101001
100000111100101000
100000111100100111
100000111100100110
100000110100100101
100000110100100100
100000101100100011
100000101100100010
100000101100100001
100000100100100000
100000100100011111
100000011100011110
