000000000011110000
000000010011110000
000000011011110000
000000100011110000
000000101011110000
000000110011110000
000000111011110000
000001000011110000
000001001011110000
000001010011110000
000001011011110000
000001100011110000
000001101011110000
000001110011110000
000001111011110000
000010000011110000
000010001011110000
000010010011110000
000010011011110000
000010100011110000
000010101011110000
000010110011110000
000010111011110000
000011000011110000
000011001011110000
000011010011110000
000011011011110000
000011100011110000
000011101011110000
000011110011110000
000011111011110000
000100000011110000
000100001011110000
000100010011110000
000100011011110000
000100100011110000
000100101011110000
000100110011110000
000100111011110000
000101000011110000
000101001011110000
000101010011110000
000101011011110000
000101100011110000
000101101011110000
000101110011110000
000101111011110000
000110000011110000
000110001011110000
000110010011110000
000110011011110000
000110100011110000
000110101011110000
000110110011110000
000110111011110000
000111000011110000
000111001011110000
000111010011110000
000111011011110000
000111100011110000
000111101011110000
000111110011110000
000111111011110000
001000000011110000
001000001011110000
001000010011110000
001000011011110000
001000100011110000
001000101011110000
001000110011110000
001000111011110000
001001000011110000
001001001011110000
001001010011110000
001001011011110000
001001100011110000
001001101011110000
001001110011110000
001001111011110000
001010000011110000
001010001011110000
001010010011110000
001010011011110000
001010100011110000
001010101011110000
001010110011110000
001010111011110000
001011000011110000
001011001011110000
001011010011110000
001011011011110000
001011100011110000
001011101011110000
001011110011110000
001011111011110000
001100000011110000
001100001011110000
001100010011110000
001100011011110000
001100100011110000
001100101011110000
001100110011110000
001100111011110000
001101000011110000
001101001011110000
001101010011110000
001101011011110000
001101100011110000
001101101011110000
001101110011110000
001101111011110000
001110000011110000
001110001011110000
001110010011110000
001110011011110000
001110100011110000
001110101011110000
001110110011110000
001110111011110000
001111000011110000
001111001011110000
001111010011110000
001111011011110000
001111100011110000
001111101011110000
001111110011110000
001111111011110000
010000000011110000
010000001011110000
010000010011110000
010000011011110000
010000100011110000
010000101011110000
010000110011110000
010000111011110000
010001000011110000
010001001011110000
010001010011110000
010001011011110000
010001100011110000
010001101011110000
010001110011110000
010001111011110000
010010000011110000
010010001011110000
010010010011110000
010010011011110000
010010100011110000
010010101011110000
010010110011110000
010010111011110000
010011000011110000
010011001011110000
010011010011110000
010011011011110000
010011100011110000
010011101011110000
010011110011110000
010011111011110000
010100000011110000
010100001011110000
010100010011110000
010100011011110000
010100100011110000
010100101011110000
010100110011110000
010100111011110000
010101000011110000
010101001011110000
010101010011110000
010101011011110000
010101100011110000
010101101011110000
010101110011110000
010101111011110000
010110000011110000
010110001011110000
010110010011110000
010110011011110000
010110100011110000
010110101011110000
010110110011110000
010110111011110000
010111000011110000
010111001011110000
010111010011110000
010111011011110000
010111100011110000
010111101011110000
010111110011110000
