011110000000000000
011110000000000010
011110000000000011
011110000000000100
011110000000000101
011110000000000110
011110000000000111
011110000000001000
011110000000001001
011110000000001010
011110000000001011
011110000000001100
011110000000001101
011110000000001110
011110000000001111
011110000000010000
011110000000010001
011110000000010010
011110000000010011
011110000000010100
011110000000010101
011110000000010110
011110000000010111
011110000000011000
011110000000011001
011110000000011010
011110000000011011
011110000000011100
011110000000011101
011110000000011110
011110000000011111
011110000000100000
011110000000100001
011110000000100010
011110000000100011
011110000000100100
011110000000100101
011110000000100110
011110000000100111
011110000000101000
011110000000101001
011110000000101010
011110000000101011
011110000000101100
011110000000101101
011110000000101110
011110000000101111
011110000000110000
011110000000110001
011110000000110010
011110000000110011
011110000000110100
011110000000110101
011110000000110110
011110000000110111
011110000000111000
011110000000111001
011110000000111010
011110000000111011
011110000000111100
011110000000111101
011110000000111110
011110000000111111
011110000001000000
011110000001000001
011110000001000010
011110000001000011
011110000001000100
011110000001000101
011110000001000110
011110000001000111
011110000001001000
011110000001001001
011110000001001010
011110000001001011
011110000001001100
011110000001001101
011110000001001110
011110000001001111
011110000001010000
011110000001010001
011110000001010010
011110000001010011
011110000001010100
011110000001010101
011110000001010110
011110000001010111
011110000001011000
011110000001011001
011110000001011010
011110000001011011
011110000001011100
011110000001011101
011110000001011110
011110000001011111
011110000001100000
011110000001100001
011110000001100010
011110000001100011
011110000001100100
011110000001100101
011110000001100110
011110000001100111
011110000001101000
011110000001101001
011110000001101010
011110000001101011
011110000001101100
011110000001101101
011110000001101110
011110000001101111
011110000001110000
011110000001110001
011110000001110010
011110000001110011
011110000001110100
011110000001110101
011110000001110110
011110000001110111
011110000001111000
011110000001111001
011110000001111010
011110000001111011
011110000001111100
011110000001111101
011110000001111110
011110000001111111
011110000010000000
011110000010000001
011110000010000010
011110000010000011
011110000010000100
011110000010000101
011110000010000110
011110000010000111
011110000010001000
011110000010001001
011110000010001010
011110000010001011
011110000010001100
011110000010001101
011110000010001110
011110000010001111
011110000010010000
011110000010010001
011110000010010010
011110000010010011
011110000010010100
011110000010010101
011110000010010110
011110000010010111
011110000010011000
011110000010011001
011110000010011010
011110000010011011
011110000010011100
011110000010011101
011110000010011110
011110000010011111
011110000010100000
011110000010100001
011110000010100010
011110000010100011
011110000010100100
011110000010100101
011110000010100110
011110000010100111
011110000010101000
011110000010101001
011110000010101010
011110000010101011
011110000010101100
011110000010101101
011110000010101110
011110000010101111
011110000010110000
011110000010110001
011110000010110010
011110000010110011
011110000010110100
011110000010110101
011110000010110110
011110000010110111
011110000010111000
011110000010111001
011110000010111010
011110000010111011
011110000010111100
011110000010111101
011110000010111110
