001000111110011001
001001000110011001
001001001110011000
001001010110010111
001001010110010111
001001011110010110
001001100110010101
001001100110010101
001001101110010100
001001110110010011
001001111110010010
001001111110010010
001010000110010001
001010001110010000
001010001110010000
001010010110001111
001010011110001110
001010100110001101
001010100110001101
001010101110001100
001010110110001011
001010110110001011
001010111110001010
001011000110001001
001011001110001000
001011001110001000
001011010110000111
001011011110000110
001011011110000110
001011100110000101
001011101110000100
001011101110000100
001011110110000011
001011111110000010
001100000110000001
001100000110000001
001100001110000000
001100010101111111
001100010101111111
001100011101111110
001100100101111101
001100101101111100
001100101101111100
001100110101111011
001100111101111010
001100111101111010
001101000101111001
001101001101111000
001101010101110111
001101010101110111
001101011101110110
001101100101110101
001101100101110101
001101101101110100
001101110101110011
001101110101110011
001101111101110010
001110000101110001
001110001101110000
001110001101110000
001110010101101111
001110011101101110
001110011101101110
001110100101101101
001110101101101100
001110110101101011
001110110101101011
001110111101101010
001111000101101001
001111000101101001
001111001101101000
001111010101100111
001111011101100110
001111011101100110
001111100101100101
001111101101100100
001111101101100100
001111110101100011
001111111101100010
010000000101100001
010000000101100001
010000001101100000
010000010101011111
010000010101011111
010000011101011110
010000100101011101
010000100101011101
010000101101011100
010000110101011011
010000111101011010
010000111101011010
010001000101011001
010001001101011000
010001001101011000
010001010101010111
010001011101010110
010001100101010101
010001100101010101
010001101101010100
010001110101010011
010001110101010011
010001111101010010
010010000101010001
010010001101010000
010010001101010000
010010010101001111
010010011101001110
010010011101001110
010010100101001101
010010101101001100
010010101101001100
010010110101001011
010010111101001010
010011000101001001
010011000101001001
010011001101001000
010011010101000111
010011010101000111
010011011101000110
010011100101000101
010011101101000100
010011101101000100
010011110101000011
010011111101000010
010011111101000010
010100000101000001
010100001101000000
010100010100111111
010100010100111111
010100011100111110
010100100100111101
010100100100111101
010100101100111100
010100110100111011
010100111100111010
010100111100111010
010101000100111001
010101001100111000
010101001100111000
010101010100110111
010101011100110110
010101011100110110
010101100100110101
010101101100110100
010101110100110011
010101110100110011
010101111100110010
010110000100110001
010110000100110001
010110001100110000
010110010100101111
010110011100101110
010110011100101110
010110100100101101
010110101100101100
010110101100101100
010110110100101011
010110111100101010
010111000100101001
010111000100101001
010111001100101000
010111010100100111
010111010100100111
010111011100100110
010111100100100101
010111100100100101
010111101100100100
010111110100100011
010111111100100010
010111111100100010
011000000100100001
011000001100100000
011000001100100000
011000010100011111
011000011100011110
011000100100011101
011000100100011101
011000101100011100
011000110100011011
011000110100011011
011000111100011010
011001000100011001
011001001100011000
011001001100011000
011001010100010111
011001011100010110
011001011100010110
011001100100010101
011001101100010100
011001101100010011
