110011001001000111
110011001001001000
110011000001001001
110010111001001010
110010111001001010
110010110001001011
110010101001001100
110010101001001100
110010100001001101
110010011001001110
110010010001001111
110010010001001111
110010001001010000
110010000001010001
110010000001010001
110001111001010010
110001110001010011
110001101001010100
110001101001010100
110001100001010101
110001011001010110
110001011001010110
110001010001010111
110001001001011000
110001000001011001
110001000001011001
110000111001011010
110000110001011011
110000110001011011
110000101001011100
110000100001011101
110000100001011101
110000011001011110
110000010001011111
110000001001100000
110000001001100000
110000000001100001
101111111001100010
101111111001100010
101111110001100011
101111101001100100
101111100001100101
101111100001100101
101111011001100110
101111010001100111
101111010001100111
101111001001101000
101111000001101001
101110111001101010
101110111001101010
101110110001101011
101110101001101100
101110101001101100
101110100001101101
101110011001101110
101110011001101110
101110010001101111
101110001001110000
101110000001110001
101110000001110001
101101111001110010
101101110001110011
101101110001110011
101101101001110100
101101100001110101
101101011001110110
101101011001110110
101101010001110111
101101001001111000
101101001001111000
101101000001111001
101100111001111010
101100110001111011
101100110001111011
101100101001111100
101100100001111101
101100100001111101
101100011001111110
101100010001111111
101100001010000000
101100001010000000
101100000010000001
101011111010000010
101011111010000010
101011110010000011
101011101010000100
101011101010000100
101011100010000101
101011011010000110
101011010010000111
101011010010000111
101011001010001000
101011000010001001
101011000010001001
101010111010001010
101010110010001011
101010101010001100
101010101010001100
101010100010001101
101010011010001110
101010011010001110
101010010010001111
101010001010010000
101010000010010001
101010000010010001
101001111010010010
101001110010010011
101001110010010011
101001101010010100
101001100010010101
101001100010010101
101001011010010110
101001010010010111
101001001010011000
101001001010011000
101001000010011001
101000111010011010
101000111010011010
101000110010011011
101000101010011100
101000100010011101
101000100010011101
101000011010011110
101000010010011111
101000010010011111
101000001010100000
101000000010100001
100111111010100010
100111111010100010
100111110010100011
100111101010100100
100111101010100100
100111100010100101
100111011010100110
100111010010100111
100111010010100111
100111001010101000
100111000010101001
100111000010101001
100110111010101010
100110110010101011
100110110010101011
100110101010101100
100110100010101101
100110011010101110
100110011010101110
100110010010101111
100110001010110000
100110001010110000
100110000010110001
100101111010110010
100101110010110011
100101110010110011
100101101010110100
100101100010110101
100101100010110101
100101011010110110
100101010010110111
100101001010111000
100101001010111000
100101000010111001
100100111010111010
100100111010111010
100100110010111011
100100101010111100
100100101010111100
100100100010111101
100100011010111110
100100010010111111
100100010010111111
100100001011000000
100100000011000001
100100000011000001
100011111011000010
100011110011000011
100011101011000100
100011101011000100
100011100011000101
100011011011000110
100011011011000110
100011010011000111
100011001011001000
100011000011001001
100011000011001001
100010111011001010
100010110011001011
100010110011001011
100010101011001100
100010100011001101
100010011011001101
