010010101111001101
010010110111001101
010010110111001100
010010111111001011
010010111111001010
010010111111001001
010011000111001000
010011000111000111
010011001111000110
010011001111000101
010011001111000100
010011010111000011
010011010111000010
010011010111000001
010011011111000001
010011011111000000
010011100110111111
010011100110111110
010011100110111101
010011101110111100
010011101110111011
010011101110111010
010011110110111001
010011110110111000
010011111110110111
010011111110110110
010011111110110101
010100000110110100
010100000110110100
010100001110110011
010100001110110010
010100001110110001
010100010110110000
010100010110101111
010100010110101110
010100011110101101
010100011110101100
010100100110101011
010100100110101010
010100100110101001
010100101110101000
010100101110101000
010100101110100111
010100110110100110
010100110110100101
010100111110100100
010100111110100011
010100111110100010
010101000110100001
010101000110100000
010101001110011111
010101001110011110
010101001110011101
010101010110011100
010101010110011011
010101010110011011
010101011110011010
010101011110011001
010101100110011000
010101100110010111
010101100110010110
010101101110010101
010101101110010100
010101101110010011
010101110110010010
010101110110010001
010101111110010000
010101111110001111
010101111110001111
010110000110001110
010110000110001101
010110001110001100
010110001110001011
010110001110001010
010110010110001001
010110010110001000
010110010110000111
010110011110000110
010110011110000101
010110100110000100
010110100110000011
010110100110000010
010110101110000010
010110101110000001
010110101110000000
010110110101111111
010110110101111110
010110111101111101
010110111101111100
010110111101111011
010111000101111010
010111000101111001
010111001101111000
010111001101110111
010111001101110110
010111010101110110
010111010101110101
010111010101110100
010111011101110011
010111011101110010
010111100101110001
010111100101110000
010111100101101111
010111101101101110
010111101101101101
010111101101101100
010111110101101011
010111110101101010
010111111101101001
010111111101101001
010111111101101000
011000000101100111
011000000101100110
011000001101100101
011000001101100100
011000001101100011
011000010101100010
011000010101100001
011000010101100000
011000011101011111
011000011101011110
011000100101011101
011000100101011101
011000100101011100
011000101101011011
011000101101011010
011000101101011001
011000110101011000
011000110101010111
011000111101010110
011000111101010101
011000111101010100
011001000101010011
011001000101010010
011001001101010001
011001001101010000
011001001101010000
011001010101001111
011001010101001110
011001010101001101
011001011101001100
011001011101001011
011001100101001010
011001100101001001
011001100101001000
011001101101000111
011001101101000110
011001101101000101
011001110101000100
011001110101000100
011001111101000011
011001111101000010
011001111101000001
011010000101000000
011010000100111111
011010001100111110
011010001100111101
011010001100111100
011010010100111011
011010010100111010
011010010100111001
011010011100111000
011010011100110111
011010100100110111
011010100100110110
011010100100110101
011010101100110100
011010101100110011
011010101100110010
011010110100110001
011010110100110000
011010111100101111
011010111100101110
011010111100101101
011011000100101100
011011000100101011
011011001100101011
011011001100101010
011011001100101001
011011010100101000
011011010100100111
011011010100100110
011011011100100101
011011011100100100
011011100100100011
011011100100100010
011011100100100001
011011101100100000
011011101100011111
011011101100011110
