111001101101001011
111001101101001011
111001100101001011
111001011101001010
111001010101001010
111001001101001010
111001000101001001
111000111101001001
111000110101001000
111000101101001000
111000100101001000
111000011101000111
111000010101000111
111000001101000111
111000001101000110
111000000101000110
110111111101000101
110111110101000101
110111101101000101
110111100101000100
110111011101000100
110111010101000011
110111001101000011
110111000101000011
110110111101000010
110110110101000010
110110101101000010
110110100101000001
110110100101000001
110110011101000000
110110010101000000
110110001101000000
110110000100111111
110101111100111111
110101110100111111
110101101100111110
110101100100111110
110101011100111101
110101010100111101
110101001100111101
110101000100111100
110101000100111100
110100111100111011
110100110100111011
110100101100111011
110100100100111010
110100011100111010
110100010100111010
110100001100111001
110100000100111001
110011111100111000
110011110100111000
110011101100111000
110011100100110111
110011011100110111
110011011100110111
110011010100110110
110011001100110110
110011000100110101
110010111100110101
110010110100110101
110010101100110100
110010100100110100
110010011100110011
110010010100110011
110010001100110011
110010000100110010
110001111100110010
110001111100110010
110001110100110001
110001101100110001
110001100100110000
110001011100110000
110001010100110000
110001001100101111
110001000100101111
110000111100101111
110000110100101110
110000101100101110
110000100100101101
110000011100101101
110000010100101101
110000010100101100
110000001100101100
110000000100101011
101111111100101011
101111110100101011
101111101100101010
101111100100101010
101111011100101010
101111010100101001
101111001100101001
101111000100101000
101110111100101000
101110110100101000
101110110100100111
101110101100100111
101110100100100111
101110011100100110
101110010100100110
101110001100100101
101110000100100101
101101111100100101
101101110100100100
101101101100100100
101101100100100011
101101011100100011
101101010100100011
101101001100100010
101101001100100010
101101000100100010
101100111100100001
101100110100100001
101100101100100000
101100100100100000
101100011100100000
101100010100011111
101100001100011111
101100000100011111
101011111100011110
101011110100011110
101011101100011101
101011101100011101
101011100100011101
101011011100011100
101011010100011100
101011001100011011
101011000100011011
101010111100011011
101010110100011010
101010101100011010
101010100100011010
101010011100011001
101010010100011001
101010001100011000
101010000100011000
101010000100011000
101001111100010111
101001110100010111
101001101100010111
101001100100010110
101001011100010110
101001010100010101
101001001100010101
101001000100010101
101000111100010100
101000110100010100
101000101100010011
101000100100010011
101000100100010011
101000011100010010
101000010100010010
101000001100010010
101000000100010001
100111111100010001
100111110100010000
100111101100010000
100111100100010000
100111011100001111
100111010100001111
100111001100001111
100111000100001110
100110111100001110
100110111100001101
100110110100001101
100110101100001101
100110100100001100
100110011100001100
100110010100001011
100110001100001011
100110000100001011
100101111100001010
100101110100001010
100101101100001010
100101100100001001
100101011100001001
100101011100001000
100101010100001000
100101001100001000
100101000100000111
100100111100000111
100100110100000111
100100101100000110
100100100100000110
100100011100000101
100100010100000101
100100001100000101
100100000100000100
100011111100000100
100011110100000011
