001000111001000111
001001000001001000
001001001001001001
001001010001001010
001001010001001010
001001011001001011
001001100001001100
001001100001001100
001001101001001101
001001110001001110
001001111001001111
001001111001001111
001010000001010000
001010001001010001
001010001001010001
001010010001010010
001010011001010011
001010100001010100
001010100001010100
001010101001010101
001010110001010110
001010110001010110
001010111001010111
001011000001011000
001011001001011001
001011001001011001
001011010001011010
001011011001011011
001011011001011011
001011100001011100
001011101001011101
001011101001011101
001011110001011110
001011111001011111
001100000001100000
001100000001100000
001100001001100001
001100010001100010
001100010001100010
001100011001100011
001100100001100100
001100101001100101
001100101001100101
001100110001100110
001100111001100111
001100111001100111
001101000001101000
001101001001101001
001101010001101010
001101010001101010
001101011001101011
001101100001101100
001101100001101100
001101101001101101
001101110001101110
001101110001101110
001101111001101111
001110000001110000
001110001001110001
001110001001110001
001110010001110010
001110011001110011
001110011001110011
001110100001110100
001110101001110101
001110110001110110
001110110001110110
001110111001110111
001111000001111000
001111000001111000
001111001001111001
001111010001111010
001111011001111011
001111011001111011
001111100001111100
001111101001111101
001111101001111101
001111110001111110
001111111001111111
010000000010000000
010000000010000000
010000001010000001
010000010010000010
010000010010000010
010000011010000011
010000100010000100
010000100010000100
010000101010000101
010000110010000110
010000111010000111
010000111010000111
010001000010001000
010001001010001001
010001001010001001
010001010010001010
010001011010001011
010001100010001100
010001100010001100
010001101010001101
010001110010001110
010001110010001110
010001111010001111
010010000010010000
010010001010010001
010010001010010001
010010010010010010
010010011010010011
010010011010010011
010010100010010100
010010101010010101
010010101010010101
010010110010010110
010010111010010111
010011000010011000
010011000010011000
010011001010011001
010011010010011010
010011010010011010
010011011010011011
010011100010011100
010011101010011101
010011101010011101
010011110010011110
010011111010011111
010011111010011111
010100000010100000
010100001010100001
010100010010100010
010100010010100010
010100011010100011
010100100010100100
010100100010100100
010100101010100101
010100110010100110
010100111010100111
010100111010100111
010101000010101000
010101001010101001
010101001010101001
010101010010101010
010101011010101011
010101011010101011
010101100010101100
010101101010101101
010101110010101110
010101110010101110
010101111010101111
010110000010110000
010110000010110000
010110001010110001
010110010010110010
010110011010110011
010110011010110011
010110100010110100
010110101010110101
010110101010110101
010110110010110110
010110111010110111
010111000010111000
010111000010111000
010111001010111001
010111010010111010
010111010010111010
010111011010111011
010111100010111100
010111100010111100
010111101010111101
010111110010111110
010111111010111111
010111111010111111
011000000011000000
011000001011000001
011000001011000001
011000010011000010
011000011011000011
011000100011000100
011000100011000100
011000101011000101
011000110011000110
011000110011000110
011000111011000111
011001000011001000
011001001011001001
011001001011001001
011001010011001010
011001011011001011
011001011011001011
011001100011001100
011001101011001101
011001101011001101
