000000000000
000000000000
000000000000
000000000000
000000000000
000000000000
000000000000
000000000000
000000000000
000000000000
000000000000
000000000000
000000000000
000000000000
000000000000
000000000000
000000000000
000000000000
000000000000
000000000000
000000000000
000000000000
000000000000
000000000000
000000000000
000000000000
000000000000
000000000000
000000000000
000000000000
000000000000
000000000000
000000000000
000000000000
000000000000
000000000000
000000000000
000000000000
000000000000
000000000000
000000000000
000000000000
000000000000
000000000000
000000000000
000000000000
000000000000
000000000000
000000000000
000000000000
000000000000
000000000000
000000000000
000000000000
000000000000
000000000000
000000000000
000000000000
000000000000
000000000000
000000000000
000000000000
000000000000
000000000000
000000000000
000000000000
000000000000
000000000000
000000000000
000000000000
000000000000
000000000000
000000000000
000000000000
000000000000
000000000000
000000000000
000000000000
000000000000
000000000000
000000000000
000000000000
101010011100
101110101101
110010111110
000100010010
000000000000
000000000000
000000000000
000000000000
000000000000
000000000000
000000000000
000000000000
000000000000
000000000000
000000000000
000000000000
000000000000
000000000000
000000000000
000000000000
000000000000
000000000000
000000000000
000000000000
000000000000
000000000000
000000000000
000100010010
110010111110
101110101101
101110101101
101010011100
000000000000
000000000000
000000000000
000000000000
000000000000
000000000000
101010011100
101110101101
101110101101
101110101101
110010111110
001000010010
000000000000
000000000000
000000000000
000000000000
000000000000
000000000000
000000000000
000000000000
000000000000
000000000000
000000000000
000000000000
000000000000
000000000000
000000000000
000000000000
000000000000
000000000000
000000000000
000000000000
000000000000
000000000000
000100010010
110010111110
101110101101
101110101101
101110101101
101010011100
000000000000
000000000000
000000000000
000000000000
101010011100
101110101101
111111111111
111111111111
111111111111
101110101101
110010111110
001000100010
000000000000
000000000000
000000000000
000000000000
000000000000
000000000000
000000000000
000000000000
000000000000
000000000000
000000000000
000000000000
000000000000
000000000000
000000000000
000000000000
000000000000
000000000000
000000000000
000000000000
001000010010
110010101110
101110101101
111111111111
111111111111
111111111111
101110101101
101010101100
000000000000
000000000000
000000000000
101010011100
110010111110
000100010001
000000000000
111011101110
110010111110
101010011100
110010111110
001000100011
000000000000
000000000000
000000000000
000000000000
000000000000
000000000000
000000000000
000000000000
000000000000
000000000000
000000000000
000000000000
000000000000
000000000000
000000000000
000000000000
000000000000
000000000000
000000000000
001000010010
110010101110
110010111101
111011101110
000000000000
000000000001
101110101110
101010011100
000000000000
000000000000
000000000000
101010011100
110010111110
000100010001
000000000000
111011101110
110010111110
101010011100
110010111110
001000100011
000000000000
000000000000
000000000000
000000000000
000000000000
000000000000
000000000000
000000000000
000000000000
000000000000
000000000000
000000000000
000000000000
000000000000
000000000000
000000000000
000000000000
000000000000
000000000000
001000010010
110010101110
110010111101
111011101110
000000000000
000000000001
101110101110
101010011100
000000000000
000000000000
000000000000
000000000000
101010011100
111111111111
111111111111
111111111111
101110101101
110010111110
001000100010
000000000000
000000000000
000000000000
000000000000
000000000000
000000000000
000000000000
000000000000
000000000000
000000000000
000000000000
000000000000
000000000000
000000000000
000000000000
000000000000
000000000000
000000000000
000000000000
000000000000
001000010010
110010101110
101110101101
111111111111
111111111111
111111111111
101010011100
000000000000
000000000000
000000000000
000000000000
000000000000
101010011100
101110101101
101110101101
101110101101
110010111110
001000010010
000000000000
000000000000
000000000000
000000000000
000000000000
000000000000
000000000000
000000000000
000000000000
000000000000
000000000000
000000000000
000000000000
000000000000
000000000000
000000000000
000000000000
000000000000
000000000000
000000000000
000000000000
000000000000
000100010010
110010111110
101110101101
101110101101
101110101101
101010011100
000000000000
000000000000
000000000000
000000000000
000000000000
000000000000
101010011100
101110101101
110010111110
000100010010
000000000000
000000000000
000000000000
000000000000
000000000000
000000000000
000000000000
000000000000
000000000000
000000000000
000000000000
000000000000
000000000000
000000000000
000000000000
000000000000
000000000000
000000000000
000000000000
000000000000
000000000000
000000000000
000000000000
000000000000
000100010001
110010111110
101110101101
101010011100
000000000000
000000000000
000000000000
000000000000
000000000000
000000000000
000000000000
000000000000
101010011011
101110101101
110010111110
001000010010
000000000000
000000000000
000000000000
000000000000
000000000000
000000000000
000000000000
000000000000
000000000000
000000000000
000000000000
000000000000
000000000000
000000000000
000000000000
000000000000
000000000000
000000000000
000000000000
000000000000
000000000000
000000000000
000100010010
110010111110
101110101101
101010011100
000000000000
000000000000
000000000000
000000000000
000000000000
000000000000
000000000000
000000000000
000000000000
000000000000
100110011011
101110101101
110010111110
001000100010
000000000000
000000000000
000000000000
000000000000
000000000000
000000000000
000000000000
000000000000
000000000000
000000000000
000000000000
000000000000
000000000000
000000000000
000000000000
000000000000
000000000000
000000000000
000000000000
000000000000
001000010010
110010111110
101110101101
101010011011
000000000000
000000000000
000000000000
000000000000
000000000000
000000000000
000000000000
000000000000
000000000000
000000000000
000000000000
000000000000
100110001011
101110101101
110010111110
001000100011
000000000000
000000000000
000000000000
000000000000
000000000000
000000000000
000000000000
000000000000
000000000000
000000000000
000000000000
000000000000
000000000000
000000000000
000000000000
000000000000
000000000000
000000000000
001000100010
110010111110
101110101101
100110011011
000000000000
000000000000
000000000000
000000000000
000000000000
000000000000
000000000000
000000000000
000000000000
101010011100
101110101101
101110101101
101110101101
101110101101
101110101101
101110101101
101110101101
101110101101
101110101101
101110101101
101110101101
101110101101
101110101101
101110101101
101110101101
101110101101
101110101101
101110101101
101110101101
101110101101
101110101101
101110101101
101110101101
101110101101
101110101101
101110101101
101110101101
101110101101
101110101101
101110101101
101010011100
000000000000
000000000000
000000000000
000000000000
000000000000
000000000000
101010011100
101110101101
101110101101
101110101101
101110101101
101110101101
101110101101
101110101101
101110101101
101110101101
101110101101
101110101101
101110101101
101110101101
101110101101
101110101101
101110101101
101110101101
101110101101
101110101101
101110101101
101110101101
101110101101
101110101101
101110101101
101110101101
101110101101
101110101101
101110101101
101110101101
101110101101
101110101101
101110101101
101110101101
101010011100
000000000000
000000000000
000000000000
101010101100
101110101101
101110101101
000000000001
000000000000
000000000000
000000000000
100110001010
110010101110
101110101101
101110101101
101110101101
101110101101
101110101101
101110101101
101110101101
101110101101
101110101101
101110101101
101110101101
101110101101
101110101101
101110101101
101110101101
101110101101
101110101101
101110101101
101110101101
110010101110
100110001010
000000000000
000000000000
000000000000
000000000001
101110101101
101110101101
101010101100
000000000000
000000000000
101110101101
101110101101
000000000000
000000000000
000000000000
000000000000
000000000000
100110001010
110010101110
101110101101
101110101101
101010101100
110010111110
010000110101
000000000000
011001101000
110010111110
101110101101
101110101101
101110101101
110010111110
011001101000
000000000000
010000110101
110010111110
101010101100
101110101101
101110101101
110010101110
100110001010
000000000000
000000000000
000000000000
000000000000
000000000000
101110101101
101110101101
000000000000
000000000000
101110101101
101110101101
000000000000
000000000000
000000000000
000000000000
100110001011
101110101110
101110101101
101110101101
101110101101
101010101100
110010111110
010000110101
000000000000
011001101000
110010111110
101110101101
101110101101
101110101101
110010111110
011001101000
000000000000
010000110101
110010111110
101010101100
101110101101
101110101101
101110101101
101110101110
100110001011
000000000000
000000000000
000000000000
000000000000
101110101101
101110101101
000000000000
000000000000
101110101101
101110101101
000000000000
000000000000
000000000000
100110011011
101110101101
101110101101
101110101101
101110101101
101110101101
101110101101
101110101101
101110101101
101110101101
101110101101
101110101101
101110101101
101110101101
101110101101
101110101101
101110101101
101110101101
101110101101
101110101101
101110101101
101110101101
101110101101
101110101101
101110101101
101110101101
100110011011
000000000000
000000000000
000000000000
101110101101
101110101101
000000000000
000000000000
101110101101
101110101101
000000000000
000000000000
000000000000
100110011011
101110101101
101110101101
101110101101
101110101101
101110101101
101110101101
101110101101
101110101101
101110101101
101110101101
101110101101
101110101101
101110101101
101110101101
101110101101
101110101101
101110101101
101110101101
101110101101
101110101101
101110101101
101110101101
101110101101
101110101101
101110101101
100110011011
000000000000
000000000000
000000000000
101110101101
101110101101
000000000000
000000000000
101110101101
101110101101
000000000000
000000000000
000000000000
100110011011
101110101101
101110101101
101110101101
101110101101
101110101101
101110101101
101110101101
101110101101
101110101101
101110101101
101110101101
101110101101
101110101101
101110101101
101110101101
101110101101
101110101101
101110101101
101110101101
101110101101
101110101101
101110101101
101110101101
101110101101
101110101101
100110011011
000000000000
000000000000
000000000000
101110101101
101110101101
000000000000
000000000000
101110101101
101110101101
000000000000
000000000000
000000000000
100110011011
101110101101
101110101101
101110101101
101110101100
101110011110
110111110100
111100110000
111110000000
111011110000
111100110000
111110010000
111101110000
111110000000
111110000000
111101100000
111011000000
111100000000
111101010000
111011110000
110111010100
101110011110
101110101100
101110101101
101110101101
101110101101
100110011011
000000000000
000000000000
000000000000
101110101101
101110101101
000000000000
000000000000
101010101100
101110101101
101110101101
000100010001
000000000000
100110001011
101110101101
101110101101
101110101101
101110101100
101110011110
110111110100
111100110000
111110000000
111011110000
111100110000
111110010000
111101110000
111110000000
111110000000
111101100000
111011000000
111100000000
111101010000
111011110000
110111010100
101110011110
101110101100
101110101101
101110101101
101110101101
100110001011
000000000000
000100010001
101110101101
101110101101
101010101100
000000000000
000000000000
000000000000
101010011100
101110101101
110010101110
000100010001
000000000000
100110001011
101110101110
101110101101
101110101100
101010111110
111000100011
111100000000
111100000000
111100000000
111100000000
111100000000
111100000000
111100000000
111100000000
111100000000
111100000000
111100000000
111100000000
111100000000
111000100011
101010111110
101110101100
101110101101
101110101101
101110101110
100110001011
000000000000
110010111110
101110101101
101010011100
000000000000
000000000000
000000000000
000000000000
000000000000
101010011100
110010111110
000100010001
000000000000
000000000000
100110001010
110010101110
101110011100
101010111110
111000100011
111100000000
111100000000
111100000000
111100000000
111100000000
111100000000
111100000000
111100000000
111100000000
111100000000
111100000000
111100000000
111100000000
111000100011
101010111110
101110101100
101110101101
101110101110
100110001011
000000000000
000100010001
110010111110
101010011100
000000000000
000000000000
000000000000
000000000000
000000000000
000000000000
000000000000
000000000000
000000000000
000000000000
000000000000
100110001010
110010101110
101110101100
101110011110
110111110100
111100110000
111010110000
111101010000
111010010000
111101100000
111110000000
111110000000
111101100000
111010110000
111100000000
111110000000
111011000000
111100000000
111000110011
101010111110
101110011100
110010101110
100110001010
000000000000
000000000000
000000000000
000000000000
000000000000
000000000000
000000000000
000000000000
000000000000
000000000000
000000000000
000000000000
000000000000
000000000000
000000000000
000000000000
100110001010
110010101110
101110101100
101110011110
110111110100
111100110000
111010110000
111101010000
111010010000
111101100000
111110000000
111110000000
111101100000
111010110000
111100000000
111110000000
111011000000
111100000000
111000110011
101010111110
110010101101
100010001010
000000000000
000000000000
000000000000
000000000000
000000000000
000000000000
000000000000
000000000000
000000000000
000000000000
000000000000
000000000000
000000000000
000000000000
000000000000
000000000000
000000000000
000000000000
100010001010
110010111110
101110101101
101110101101
101110101101
101110101101
101110101101
101110101101
101110101101
101110101101
101110101101
101110101101
101110101101
101110101101
101110101101
101110101101
101110101101
101110101101
110010111110
100001111010
000000000000
000000000000
000000000000
000000000000
000000000000
000000000000
000000000000
000000000000
000000000000
000000000000
000000000000
000000000000
000000000000
000000000000
000000000000
000000000000
000000000000
000000000000
000000000000
000000000000
100001111010
110010111110
101110101101
101110101101
101110101101
101110101101
101110101101
101110101101
101110101101
101110101101
101110101101
101110101101
101110101101
101110101101
101110101101
101110101101
110010111110
100001111001
000000000000
000000000000
000000000000
000000000000
000000000000
000000000000
000000000000
000000000000
000000000000
000000000000
000000000000
000000000000
000000000000
000000000000
000000000000
000000000000
000000000000
000000000000
000000000000
000000000000
000000000000
000000000000
100001111001
110010111110
101110101101
101110101101
101110101101
101110101101
101110101101
101110101101
101110101101
101110101101
101110101101
101110101101
101110101101
101110101101
110010111110
100001111001
000000000000
000000000000
000000000000
000000000000
000000000000
000000000000
000000000000
000000000000
000000000000
000000000000
000000000000
000000000000
000000000000
000000000000
000000000000
000000000000
000000000000
000000000000
000000000000
000000000000
000000000000
000000000000
000000000000
000000000000
000000000000
000000000000
000000000000
011101101000
110010111110
101110101101
101110101101
101110101101
101110101101
101110101101
110010111110
011101101000
000000000000
000000000000
000000000000
000000000000
000000000000
000000000000
000000000000
000000000000
000000000000
000000000000
000000000000
000000000000
000000000000
000000000000
000000000000
000000000000
000000000000
000000000000
000000000000
000000000000
000000000000
000000000000
000000000000
000000000000
000000000000
000000000000
000000000000
000000000000
000000000000
000000000000
000000000000
000000000000
000000000000
000000000000
000000000000
000000000000
000000000000
000000000000
000000000000
000000000000
000000000000
000000000000
000000000000
000000000000
000000000000
000000000000
000000000000
000000000000
000000000000
000000000000
000000000000
000000000000
000000000000
000000000000
000000000000
000000000000
000000000000
000000000000
000000000000
000000000000
000000000000
000000000000
000000000000
000000000000
000000000000
000000000000
000000000000
000000000000
000000000000
000000000000
000000000000
000000000000
000000000000
000000000000
000000000000
000000000000
000000000000
000000000000
000000000000
000000000000
000000000000
000000000000
000000000000
000000000000
000000000000
000000000000
000000000000
000000000000
000000000000
000000000000
000000000000
000000000000
000000000000
000000000000
000000000000
000000000000
000000000000
000000000000
000000000000
000000000000
000000000000
000000000000
000000000000
000000000000
000000000000
000000000000
000000000000
000000000000
000000000000
000000000000
000000000000
000000000000
000000000000
000000000000
000000000000
000000000000
000000000000
000000000000
000000000000
000000000000
000000000000
000000000000
000000000000
000000000000
000000000000
000000000000
000000000000
000000000000
000000000000
000000000000
000000000000
000000000000
000000000000
000000000000
000000000000
000000000000
000000000000
000000000000
000000000000
000000000000
000000000000
000000000000
000000000000
000000000000
000000000000
000000000000
000000000000
000000000000
000000000000
000000000000
000000000000
000000000000
000000000000
000000000000
000000000000
000000000000
000000000000
000000000000
000000000000
000000000000
000000000000
000000000000
000000000000
000000000000
000000000000
000000000000
000000000000
000000000000
000000000000
000000000000
000000000000
000000000000
000000000000
000000000000
000000000000
000000000000
000000000000
000000000000
000000000000
000000000000
000000000000
000000000000
000000000000
000000000000
000000000000
000000000000
000000000000
000000000000
000000000000
000000000000
000000000000
000000000000
000000000000
000000000000
000000000000
000000000000
000000000000
000000000000
000000000000
000000000000
000000000000
000000000000
000000000000
000000000000
000000000000
000000000000
000000000000
000000000000
000000000000
000000000000
000000000000
000000000000
000000000000
000000000000
000000000000
000000000000
000000000000
000000000000
000000000000
000000000000
000000000000
000000000000
000000000000
000000000000
000000000000
000000000000
000000000000
000000000000
000000000000
000000000000
000000000000
000000000000
000000000000
000000000000
000000000000
000000000000
000000000000
000000000000
000000000000
000000000000
000000000000
000000000000
000000000000
000000000000
000000000000
000000000000
000000000000
000000000000
000000000000
000000000000
000000000000
000000000000
000000000000
000000000000
000000000000
000000000000
000000000000
000000000000
000000000000
000000000000
000000000000
000000000000
000000000000
000000000000
000000000000
000000000000
000000000000
000000000000
000000000000
000000000000
000000000000
000000000000
000000000000
000000000000
000000000000
000000000000
000000000000
000000000000
000000000000
000000000000
000000000000
000000000000
000000000000
000000000000
000000000000
000000000000
000000000000
000000000000
000000000000
000000000000
000000000000
000000000000
000000000000
000000000000
000000000000
000000000000
000000000000
000000000000
000000000000
000000000000
000000000000
000000000000
000000000000
000000000000
000000000000
000000000000
000000000000
000000000000
000000000000
000000000000
000000000000
000000000000
000000000000
000000000000
000000000000
000000000000
000000000000
000000000000
000000000000
000000000000
000000000000
000000000000
000000000000
000000000000
000000000000
000000000000
000000000000
