000000000000
000000000000
000000000000
000000000000
000000000000
000000000000
000000000000
000000000000
000000000000
000000000000
000000000000
000000000000
000000000000
000000000000
000000000000
000000000000
000000000000
000000000000
000000000000
000000000000
000000000000
000000000000
000000000000
000000000000
000000000000
000000000000
000000000000
000000000000
000000000000
000000000000
000000000000
000000000000
000000000000
000000000000
000000000000
000000000000
000000000000
000000000000
000000000000
000000000000
000000000000
000000000000
000000000000
000000000000
000000000000
000000000000
000000000000
000000000000
000000000000
000000000000
000000000000
000000000000
111111111111
111111111111
111111111111
111111111111
111111111111
111111111111
111111111111
111111111111
111111111111
111111111111
111111111111
111111111111
000000000000
000000000000
000000000000
000000000000
000000000000
000000000000
000000000000
000000000000
000000000000
000000000000
000000000000
000000000000
000000000000
000000000000
000000000000
000000000000
000000000000
000000000000
000000000000
000000000000
000000000000
000000000000
000000000000
000000000000
000000000000
000000000000
000000000000
111111111111
111111111111
111111111111
111111111111
111111111111
111111111111
111111111111
111111111111
111111111111
111111111111
111111111111
111111111111
000000000000
000000000000
000000000000
000000000000
000000000000
000000000000
000000000000
000000000000
000000000000
000000000000
000000000000
000000000000
000000000000
000000000000
000000000000
000000000000
000000000000
000000000000
000000000000
000000000000
000000000000
000000000000
000000000000
111111111111
111111111111
111111111111
111111111111
001000100010
001000100010
001000100010
000100100001
000100100001
000100100001
000100100001
000100100001
000100100001
001000100010
001000100010
001000100010
111111111111
111111111111
111111111111
111111111111
000000000000
000000000000
000000000000
000000000000
000000000000
000000000000
000000000000
000000000000
000000000000
000000000000
000000000000
000000000000
000000000000
000000000000
000000000000
000000000000
000000000000
000000000000
000000000000
111111111111
111111111111
111111111111
111111111111
001000100010
000100100001
000100100001
000100100000
000100110000
000100110000
000100110000
000100110000
000100100000
000100100001
000100100001
001000100010
111111111111
111111111111
111111111111
111111111111
000000000000
000000000000
000000000000
000000000000
000000000000
000000000000
000000000000
000000000000
000000000000
000000000000
000000000000
000000000000
000000000000
000000000000
000000000000
000000000000
000000000000
111111111111
111111111111
001000100010
001000100010
001000100010
001000100010
000100100001
000100100000
101011001001
101011011000
101011010111
101011010111
101011010111
101011010111
101011011000
101011001001
000100100000
000100100001
000100100010
001000100010
001000100010
001000100010
111111111111
111111111111
000000000000
000000000000
000000000000
000000000000
000000000000
000000000000
000000000000
000000000000
000000000000
000000000000
000000000000
000000000000
000000000000
000000000000
000000000000
111111111111
111111111111
001000100010
001000100011
001000100010
000100100010
000100100000
000000110000
101011010111
101011010110
100111100101
100111100101
100111100101
100111100101
101011010110
101011010111
000100110000
000100100000
000100100010
001000100010
001000100011
001000100010
111111111111
111111111111
000000000000
000000000000
000000000000
000000000000
000000000000
000000000000
000000000000
000000000000
000000000000
000000000000
000000000000
000000000000
000000000000
111111111111
111111111111
001000100010
001000100010
001000100010
001000100010
000100100010
000100100001
101011001001
101011010111
100111010110
100111100101
100111100101
100111100101
100111100101
100111100101
100111100101
100111010110
101011010111
101011011001
000100100001
000100100010
001000100010
001000100010
001000100010
001000100010
111111111111
111111111111
000000000000
000000000000
000000000000
000000000000
000000000000
000000000000
000000000000
000000000000
000000000000
000000000000
000000000000
111111111111
111111111111
001000100011
001000100011
001000100010
000100100010
000100100001
000000110000
101011010111
100111010110
100111100101
100111010110
101011010110
101011010111
101011010111
101011010110
100111010110
100111100101
100111010110
101011010111
000000110000
000100100001
000100100010
001000100010
001000100011
001000100010
111111111111
111111111111
000000000000
000000000000
000000000000
000000000000
000000000000
000000000000
000000000000
000000000000
000000000000
111111111111
111111111111
001000100010
001000100010
001000100011
001000100010
000100100010
000100100001
101011001001
101011010111
100111010110
100111100101
100111010101
101011010110
111011111100
111111111100
111011111100
111011111100
101011010110
100111010101
100111100101
100111010110
101011010111
101011001001
000100100000
000100100010
001000100010
001000100011
001000100010
001000100010
111111111111
111111111111
000000000000
000000000000
000000000000
000000000000
000000000000
000000000000
000000000000
111111111111
111111111111
001000100010
001000100011
000100100010
000100100010
000100100001
000000110000
101011010111
100111010110
100111100101
100111010110
101011010110
101011011000
111111111101
111111111110
111111111110
111111111101
101011011000
101011010111
100111010110
100111100101
100111010110
101011010111
000000110000
000100100000
000100100010
001000100010
001000100011
001000100010
111111111111
111111111111
000000000000
000000000000
000000000000
000000000000
000000000000
000000000000
000000000000
111111111111
111111111111
001000100010
001000100011
000100100010
000100100001
101011001001
101011010111
100111010110
100111100101
100111010101
101011010110
111011111100
111111111101
111111111110
111111111111
111111111111
111111111110
111111111101
111011111100
101011010111
100111010101
100111100101
100111010110
101011010111
101011001001
000100100001
000100100010
001000100011
001000100010
111111111111
111111111111
000000000000
000000000000
000000000000
000000000000
000000000000
000000000000
000000000000
111111111111
111111111111
001000100010
001000100011
000100100010
000100100000
101011011000
100111010110
100111100101
100111010110
101011010110
101011011000
111111111101
111111111110
111111111111
111111111111
111111111111
111111111111
111111111110
111111111101
101011001000
101011010111
100111010110
100111100101
101011010110
101011011000
000100100000
000100100010
001000100011
001000100011
111111111111
111111111111
000000000000
000000000000
000000000000
000000000000
000000000000
111111111111
111111111111
001000100010
001000100011
001000100010
001000100010
000100100001
000100110000
101011010111
100111100101
100111100101
101011010110
111011111100
111111111101
111111111110
111111111111
000000000000
000000000000
000000000000
000000000000
111111111111
111111111110
111111111101
111011111100
101011010110
100111100101
100111100101
101011010111
000100110000
000100100001
001000100010
001000100011
001000100010
001000100010
111111111111
111111111111
000000000000
000000000000
000000000000
111111111111
111111111111
001000100010
001000100011
001000100010
000100100010
000100100000
000000110000
101011010110
100111100101
100111100101
101011010111
111111111100
111111111110
111111111111
111111111111
000000000000
000000000000
000000000000
000000000000
111111111111
111111111111
111111111110
111111111100
101011010111
100111100101
100111100101
101011010110
000000110000
000100100000
000100100010
001000100010
001000100011
001000100010
111111111111
111111111111
000000000000
000000000000
000000000000
111111111111
111111111111
001000100010
001000100011
000100100010
000100100001
101011001001
101011010111
100111010110
100111100101
100111100101
101011010111
111111111100
111111111110
111111111111
111111111111
000000000000
000000000000
000000000000
000000000000
111111111111
111111111111
111111111110
111111111100
101011010111
100111100101
100111100101
100111010110
101011010111
101011001001
000100100001
000100100010
001000100011
001000100010
111111111111
111111111111
000000000000
000000000000
000000000000
111111111111
111111111111
001000100010
001000100011
000100100010
000100100000
101011011000
101011010110
100111100101
100111100101
100111100101
101011010110
111011111100
111111111101
111111111110
111111111111
000000000000
000000000000
000000000000
000000000000
111111111111
111111111111
111111111101
111011111100
101011010110
100111100101
100111100101
100111100101
101011010110
101011011000
000100100000
000100100010
001000100011
001000100010
111111111111
111111111111
000000000000
000000000000
000000000000
111111111111
111111111111
001000100010
001000100011
000100100010
000100100000
101011011000
101011010110
100111100101
100111100101
100111100101
100111100101
101011010110
101011011000
111111111101
111111111110
111111111111
111111111111
111111111111
111111111111
111111111110
111111111101
101011011000
101011010110
100111100101
100111100101
100111100101
100111100101
101011010110
101011011000
000100100000
000100100010
001000100011
001000100010
111111111111
111111111111
000000000000
000000000000
000000000000
111111111111
111111111111
001000100010
001000100010
001000100010
000100100001
101011001001
101011010111
100111010110
100111100101
100111100101
100111100101
100111010101
101011010111
111011111100
111111111101
111111111110
111111111111
111111111111
111111111110
111111111101
111011111100
101011010111
100111010101
100111100101
100111100101
100111100101
100111010110
101011010111
101011001001
000100100001
000100100010
001000100010
001000100010
111111111111
111111111111
000000000000
000000000000
000000000000
000000000000
000000000000
111111111111
111111111111
001000100010
000100100001
000100100000
000000110000
101011010111
100111010110
100111100101
100111100101
100111100101
100111010110
101011010111
101011011000
111111111101
111111111110
111111111110
111111111101
101011011000
101011010111
100111010101
100111100101
100111100101
100111100101
100111010110
101011010111
000000110000
000100100000
000100100001
001000100010
111111111111
111111111111
000000000000
000000000000
000000000000
000000000000
000000000000
000000000000
000000000000
111111111111
111111111111
001000100010
001000100010
000100100010
000100100000
101011001001
101011010111
100111010110
100111100101
100111100101
100111100101
100111100101
101011010110
111011111011
111111111100
111011111100
111011111100
101011010110
100111010101
100111100101
100111100101
100111100101
100111010110
101011010111
101011001001
000100100000
000100100010
001000100010
001000100010
111111111111
111111111111
000000000000
000000000000
000000000000
000000000000
000000000000
000000000000
000000000000
000000000000
000000000000
111111111111
111111111111
001000100010
000100100001
000100100000
000000110000
101011010111
101011010110
100111100101
100111100101
100111010110
101011010110
101011010111
101011011000
101011011000
101011010111
101011010110
100111010110
100111100101
100111100101
101011010110
101011010111
000000110000
000100100000
000100100001
001000100010
111111111111
111111111111
000000000000
000000000000
000000000000
000000000000
000000000000
000000000000
000000000000
000000000000
000000000000
000000000000
000000000000
111111111111
111111111111
001000100010
001000100010
000100100001
000100100000
101011001001
101011011000
101011010111
101011010111
101011010111
101011010111
101011011000
101011011000
101011011000
101011011000
101011010111
101011010111
101011010111
101011010111
101011011000
101011001000
000100100000
000100100001
001000100010
001000100010
111111111111
111111111111
000000000000
000000000000
000000000000
000000000000
000000000000
000000000000
000000000000
000000000000
000000000000
000000000000
000000000000
000000000000
000000000000
111111111111
111111111111
111111111111
111111111110
111111111110
111111111101
111111111100
111111111100
111111111100
111111111100
111111111100
111111111100
111111111100
111111111100
111111111100
111111111101
111111111101
111111111101
111111111101
111111111101
111111111110
111111111111
111111111111
111111111111
000000000000
000000000000
000000000000
000000000000
000000000000
000000000000
000000000000
000000000000
000000000000
000000000000
000000000000
000000000000
000000000000
000000000000
000000000000
111111111110
111111111110
111111111110
111111111110
111111111110
111111111101
111111111101
111111111101
111111111101
111111111101
111111111101
111111111101
111111111101
111111111101
111111111101
111111111110
111111111110
111111111110
111111111101
111111111110
111111111110
111111111110
111111111110
111111111110
000000000000
000000000000
000000000000
000000000000
000000000000
000000000000
000000000000
000000000000
000000000000
000000000000
000000000000
010101010100
010101010100
010101010011
010001100011
101111001001
101111001001
010001100011
010001100011
101111001001
101111001001
010001100011
010001100011
101111001001
101111001001
010001100011
010001100011
101111001001
101111001001
010001010011
010101010100
010101010100
010001010011
101111001001
101111001001
010001100011
010001100011
101111001001
101111001001
010001100011
010101010100
010101010100
010101010100
000000000000
000000000000
000000000000
000000000000
000000000000
000000000000
000000000000
010001010011
010001100010
010001100010
010001100001
101011010111
101011001000
010001100010
010001100010
101011001000
101011001000
010001100010
010001100010
101011001000
101011001000
010001100010
010001100010
101011001000
101011001000
010001100010
010101010100
010101010100
010001100010
101011001000
101011001000
010001100010
010001100010
101011011000
101011010111
010001100001
010001100010
010001100010
010001010011
000000000000
000000000000
000000000000
000000000000
000000000000
000000000000
000000000000
101111001001
101011001000
101011010111
101011010111
101011010111
101011011000
010001100010
010001100001
101011011000
101011011000
010001100001
010001100001
101011011000
101011011000
010001100001
010001100001
101011011000
101011011000
010001100010
010101010100
010101010100
010001100010
101011011000
101011011000
010001100001
010001100010
101011011000
101011010111
101011010111
101011010111
101011001000
101111001001
000000000000
000000000000
000000000000
000000000000
000000000000
000000000000
000000000000
101011001000
101011011000
101011011000
101011010111
101011011000
101111001001
010001100010
010001100010
101011011000
101011011000
010001100001
010001100001
101011011000
101011011000
010001100001
010001100001
101011011000
101011011000
010001100010
010101010100
010101010100
010001100010
101011011000
101011011000
010001100010
010001100010
101111001001
101011011000
101011010111
101011011000
101011011000
101011001000
000000000000
000000000000
000000000000
000000000000
000000000000
101011001001
101011001000
000000010000
000000010000
000000000000
000000000000
010001100010
010001010011
010001100011
010001100010
101011001000
101011001000
010001100010
010001100001
101011011000
101011011000
010001100001
010001100001
101011011000
101011011000
010001100010
010101010011
010101010011
010001100010
101011011000
101011010111
010001100001
010001100010
010001100010
010001100010
000000010000
000000000000
000000010000
000000010000
101011001000
101011001001
000000000000
000000000000
000000010000
101011001000
101011011000
000000010000
000000000000
000000000000
000000000000
010101010100
010101010100
010101010100
010001100011
101111001001
101111001001
010001100010
010001100010
101011011000
101011011000
010001100001
010001100001
101011011000
101011010111
010001100001
010001100011
010001100011
010001100010
101011010111
101011010111
001101100000
010001100001
010001100010
010001100010
000000000000
000000000000
000000000000
000000010000
101011011000
101011001000
000000000000
000000000000
000000010000
101011001000
101011011000
000000010000
000000000000
000000000000
000000000000
000000000000
000000000000
000000000000
000000000000
000000000000
000000000000
000000000000
000000010000
101011011000
101011011000
000000010000
000000010000
101011011000
101011010111
101011010111
101011001000
000000000000
000000010000
101011011000
101011010111
101011010111
101011010111
101011011000
101111001001
000000000000
000000000000
000000000000
000000000000
101011011000
101011001000
000000000000
000000000000
000000000000
101011001001
101011001000
000000010000
000000000000
000000000000
000000000000
000000000000
000000000000
000000000000
000000000000
000000000000
000000000000
000000000000
000000010000
101011011000
101011001001
000000000000
000000000000
101011001000
101011010111
101011010111
101011011000
000000010000
000000000000
101011001001
101011011000
101011010111
101011010111
101011010111
101011011000
000000000000
000000000000
000000000000
000000010000
101011001000
101111001001
000000000000
000000000000
000000000000
000000000000
000000000000
101011001001
101111001001
000000000000
000000000000
000000000000
000000000000
000000000000
000000000000
000000000000
000000000000
101011001001
101011011000
000000010000
000000000000
000000000000
000000000000
000000000000
000000010000
101011010111
101011011000
000000010000
000000000000
000000000000
000000000000
000000010000
000000010000
101011010111
101011011000
000000010000
000000000000
101111001001
101011001001
000000000000
000000000000
000000000000
000000000000
000000000000
000000000000
000000000000
101111001001
101111001001
000000000000
000000000000
000000000000
000000000000
000000000000
000000000000
000000000000
000000000000
101011001000
101011011000
000000010000
000000000000
000000000000
000000000000
000000000000
000000010000
101011011000
101011011000
000000010000
000000000000
000000000000
000000000000
000000000000
000000010000
101011010111
101011011000
000000010000
000000000000
101111001001
101111001001
000000000000
000000000000
000000000000
000000000000
000000000000
000000000000
000000000000
000000000000
000000000000
000000000000
000000000000
000000000000
000000000000
000000000000
000000000000
000000000000
000000000000
101011001000
101011011000
000000010000
000000000000
000000000000
000000000000
000000000000
000000000000
101011011000
101011001000
000000000000
000000000000
000000000000
000000000000
000000000000
000000000000
101011001000
101011001000
000000000000
000000000000
000000000000
000000000000
000000000000
000000000000
000000000000
000000000000
000000000000
000000000000
000000000000
000000000000
000000000000
000000000000
000000000000
000000000000
000000000000
000000000000
000000000000
000000000000
000000000000
101011001001
101011001000
000000010000
000000000000
000000000000
000000000000
000000000000
000000010000
101011001000
101111001001
000000000000
000000000000
000000000000
000000000000
000000000000
000000000000
101111001001
101111001001
000000000000
000000000000
000000000000
000000000000
000000000000
000000000000
000000000000
000000000000
000000000000
000000000000
000000000000
000000000000
000000000000
000000000000
000000000000
000000000000
000000000000
000000000000
000000000000
000000000000
000000000000
000000000000
000000010000
101011001000
101011001001
000000000000
000000000000
101111001001
101011001000
000000010000
000000000000
000000000000
000000000000
000000000000
000000000000
000000000000
000000000000
000000000000
000000000000
000000000000
000000000000
000000000000
000000000000
000000000000
000000000000
000000000000
000000000000
000000000000
000000000000
000000000000
000000000000
000000000000
000000000000
000000000000
000000000000
000000000000
000000000000
000000000000
000000000000
000000000000
000000000000
000000010000
101011011000
101011001000
000000010000
000000010000
101011001000
101011011000
000000010000
000000000000
000000000000
000000000000
000000000000
000000000000
000000000000
000000000000
000000000000
000000000000
000000000000
000000000000
000000000000
000000000000
000000000000
000000000000
000000000000
000000000000
