010101
010101
010101
010101
010101
010101
010101
010101
010101
010101
010101
010101
010101
010101
010101
010101
010101
010101
010101
010101
010101
010101
010101
010101
010101
010101
010101
010101
010101
010101
010101
010101
010101
010101
010101
010101
010101
010101
010101
010101
010101
010101
010101
010101
010101
010101
010101
010101
010101
010101
010101
010101
010101
010101
010101
010101
010101
010101
010101
010101
010101
010101
010101
010101
010101
010101
010101
010101
010101
010101
010101
010101
010101
010101
010101
010101
010101
010101
010101
010101
010101
010101
010101
010101
010101
010101
010101
010101
010101
010101
010101
010101
010101
010101
010101
010101
010101
010101
010101
010101
010101
010101
010101
010101
010101
010101
010101
010101
010101
010101
010101
010101
010101
010101
010101
010101
010101
010101
010101
010101
010101
010101
010101
010101
010101
010101
010101
010101
010101
010101
010101
010101
010101
010101
010101
010101
010101
010101
010101
010101
010101
010101
010101
010101
010101
010101
010101
010101
010101
010101
010101
010101
010101
010101
010101
010101
010101
010101
010101
010101
010101
010101
010101
010101
010101
010101
010101
010101
010101
010101
010101
010101
010101
010101
010101
010101
010101
010101
010101
010101
010101
010101
010101
010101
010101
010101
010101
010101
010101
010101
010101
010101
010101
010101
010101
010101
010101
010101
010101
010101
010101
010101
010101
010101
010101
010101
010101
010101
010101
010101
010101
010101
010101
010101
010101
010101
010101
010101
010101
010101
010101
010101
010101
010101
010101
010101
010101
010101
010101
010101
010101
010101
010101
010101
010101
010101
010101
010101
010101
010101
010101
010101
010101
010101
010101
010101
010101
010101
010101
010101
010101
010101
010101
010101
010101
010101
010101
010101
010101
010101
010101
010101
010101
010101
010101
010101
010101
010101
010101
010101
010101
010101
010101
010101
010101
010101
010101
010101
010101
010101
010101
010101
010101
010101
010101
010101
010101
010101
010101
010101
010101
010101
010101
010101
010101
010101
010101
010101
010101
010101
010101
010101
010101
010101
010101
010101
010101
010101
010101
010101
010101
010101
010101
010101
010101
010101
010101
010101
010101
010101
010101
010101
010101
010101
010101
010101
010101
010101
010101
010101
010101
010101
010101
010101
010101
010101
010101
010101
010101
010101
010101
010101
010101
010101
010101
010101
010101
010101
010101
010101
010101
010101
010101
010101
010101
010101
010101
010101
010101
010101
010101
010101
010101
010101
010101
010101
010101
010101
010101
010101
010101
010101
010101
010101
010101
010101
010101
010101
010101
010101
010101
010101
010101
010101
010101
010101
010101
010101
010101
010101
010101
010101
010101
010101
010101
010101
010101
010101
010101
010101
010101
010101
010101
010101
010101
010101
010101
010101
010101
010101
010101
010101
010101
010101
010101
010101
010101
010101
010101
010101
010101
010101
010101
010101
010101
010101
010101
010101
010101
010101
010101
010101
010101
010101
010101
010101
010101
010101
010101
010101
010101
010101
010101
010101
010101
010101
010101
010101
010101
010101
010101
010101
010101
010101
010101
010101
010101
010101
010101
010101
010101
010101
010101
010101
010101
010101
010101
010101
010101
010101
010101
010101
010101
010101
010101
010101
010101
010101
010101
010101
010101
010101
010101
010101
010101
010101
010101
010101
010101
010101
010101
010101
010101
010101
010101
010101
010101
010101
010101
010101
010101
010101
010101
010101
010101
010101
010101
010101
010101
010101
010101
010101
010101
010101
010101
010101
010101
010101
010101
010101
010101
010101
010101
010101
010101
010101
010101
010101
010101
010101
010101
010101
010101
010101
010101
010101
010101
010101
010101
010101
010101
000000
000000
000000
010101
010101
010101
010101
010101
010101
010101
010101
010101
010101
010101
010101
010101
010101
010101
010101
010101
010101
010101
010101
010101
010101
010101
010101
010101
010101
010101
010101
010101
010101
010101
010101
010101
010101
010101
010101
010101
010101
010101
010101
010101
010101
010101
010101
010101
010101
010101
010101
010101
010101
010101
010101
010101
010101
010101
010101
010101
010101
010101
010101
010101
010101
010101
010101
010101
010101
010101
010101
000000
2C2C2C
555555
141414
000000
010101
010101
010101
010101
010101
010101
010101
010101
010101
010101
010101
010101
010101
010101
010101
010101
010101
010101
010101
010101
010101
010101
010101
010101
010101
010101
010101
010101
010101
010101
010101
010101
010101
010101
010101
010101
010101
010101
010101
010101
010101
010101
010101
010101
010101
010101
010101
010101
010101
010101
010101
010101
010101
010101
010101
010101
010101
010101
010101
010101
010101
010101
000000
010101
010101
010101
000000
2C2C2C
C6C6C6
FFFFFF
A5A5A5
202020
010101
010101
010101
010101
020202
010101
010101
010101
010101
010101
010101
010101
010101
010101
010101
010101
010101
010101
010101
010101
010101
010101
010101
010101
010101
010101
010101
010101
010101
010101
010101
010101
010101
010101
010101
010101
010101
010101
010101
010101
010101
010101
010101
010101
010101
010101
010101
010101
010101
010101
010101
010101
010101
010101
010101
010101
010101
010101
010101
010101
010101
010101
010101
010101
010101
000000
2C2C2C
C3C3C3
FFFFFF
FFFFFF
C7C7C7
303030
000000
010101
010101
010101
010101
010101
010101
010101
010101
010101
010101
010101
010101
010101
010101
010101
010101
010101
010101
010101
010101
010101
010101
010101
010101
010101
010101
010101
010101
010101
010101
010101
010101
010101
010101
010101
010101
010101
010101
010101
010101
010101
010101
010101
010101
010101
010101
010101
010101
010101
010101
010101
010101
010101
010101
010101
010101
010101
010101
010101
010101
010101
010101
010101
000000
2A2A2A
C2C2C2
FFFFFF
FFFFFF
B4B4B4
212121
000000
010101
010101
000000
010101
010101
010101
010101
010101
010101
010101
010101
010101
010101
010101
010101
010101
010101
010101
010101
010101
010101
010101
010101
010101
010101
010101
010101
010101
010101
010101
010101
010101
010101
010101
010101
010101
010101
010101
010101
010101
010101
010101
010101
010101
010101
010101
010101
010101
010101
010101
010101
010101
010101
010101
010101
010101
010101
010101
010101
010101
010101
010101
010101
000000
282828
C1C1C1
FFFFFF
FFFFFF
FFFFFF
4C4C4C
000000
010101
010101
010101
000000
010101
010101
010101
010101
010101
010101
010101
010101
010101
010101
010101
010101
010101
010101
010101
010101
010101
010101
010101
010101
010101
010101
010101
010101
010101
010101
010101
010101
010101
010101
010101
010101
010101
010101
010101
010101
010101
010101
010101
010101
010101
010101
010101
010101
010101
010101
010101
010101
010101
010101
010101
010101
010101
010101
010101
010101
010101
010101
010101
000000
252525
C1C1C1
FFFFFF
FFFFFF
FFFFFF
FFFFFF
BCBCBC
313131
000000
000101
000101
010101
010101
010101
010101
010101
010101
010101
010101
010101
010101
010101
010101
010101
010101
010101
010101
010101
010101
010101
010101
010101
010101
010101
010101
010101
010101
010101
010101
010101
010101
010101
010101
010101
010101
010101
010101
010101
010101
010101
010101
010101
010101
010101
010101
010101
010101
010101
010101
010101
010101
010101
010101
010101
010101
010101
010101
010101
010101
010101
000000
212121
C3C3C3
FFFFFF
FFFFFF
FFFFFF
FFFFFF
FFFFFF
FFFFFF
616060
000000
050000
040000
030000
010001
010101
010101
010101
010101
010101
010101
010101
010101
010101
010101
010101
010101
010101
010101
010101
010101
010101
010101
010101
010101
010101
010101
010101
010101
010101
010101
010101
010101
010101
010101
010101
010101
010101
010101
010101
010101
010101
010101
010101
010101
010101
010101
010101
010101
010101
010101
010101
010101
010102
010102
010101
010101
010101
010101
010101
010101
000000
1C1C1C
C7C7C7
FFFFFF
FFFFFF
FEFEFE
FFFFFF
FEFEFE
FFFFFF
949595
1C1C1C
0F0000
160000
1B0101
0C0101
030000
010101
010101
020202
020001
020001
010101
010101
010101
010101
010101
010101
010101
010101
010101
010101
010101
010101
010101
010101
010101
010101
010101
010101
010101
010101
010101
010101
010101
010101
010101
010101
010101
010101
010101
010101
010101
010101
010101
010101
010101
010101
010101
010101
010101
010101
010101
010101
010101
010103
020204
010101
020202
010101
010101
000000
000000
171717
CBCBCB
FFFFFF
FFFFFF
FFFFFF
FFFFFF
FFFFFF
FFFFFF
FFFFFF
544F4F
000000
2F0000
6C1A1A
490707
2C0000
110000
040000
010001
010101
020001
020001
010101
010101
010101
010101
010101
010101
010101
010101
010101
010101
010101
010101
010101
010101
010101
010101
010101
010101
010101
010101
010101
010101
010101
010101
010101
010101
010101
010101
010101
010101
010101
010101
010101
010101
010101
010101
010101
010101
010101
010101
010101
010101
020202
010101
010102
010101
010101
010101
010101
000000
111111
D0D0D0
FFFFFF
FFFFFF
FFFFFF
FFFFFF
FFFFFF
FFFFFF
FFFFFF
FFFEFE
DBDADA
633A3A
830606
C8191A
B41717
640202
320000
0D0000
050000
020001
010101
010101
010101
010101
010101
010101
010101
010101
010101
010101
010101
010101
010101
010101
010101
010101
010101
010101
010101
010101
010101
010101
010101
010101
010101
010101
010101
010101
010101
010101
010101
010101
010101
010101
010101
010101
010101
010101
010101
020202
010101
010101
020202
020202
010101
010101
010101
020202
010101
010101
000000
0D0D0D
D6D6D6
FFFFFF
FFFFFF
FFFFFF
FFFFFF
FFFFFF
FFFFFF
FFFFFF
FFFFFF
FFFCFC
FFFFFF
C15F60
CB0808
F10707
EB0B0B
C11313
5A0101
2C0000
0E0000
010000
010101
010101
010101
000000
010101
010101
010101
010101
010101
010101
010101
010101
010101
010101
010101
010101
010101
010101
010101
010101
010101
010101
010101
010101
010101
010101
010101
010101
010101
010101
010101
010101
010101
010101
010101
010101
010101
010101
010101
010101
010101
010302
000201
010101
010101
010101
000000
010101
010101
000000
080808
DCDCDC
FFFFFF
FFFFFF
FFFFFF
FFFFFF
FFFFFF
FFFFFF
FFFFFF
FFFFFF
FFFFFF
FFFDFE
D67F7F
CF1716
EE0707
FB0203
F80202
E60C0C
B81717
540000
240000
040000
020100
000000
000000
000000
010101
010101
010101
010101
010101
010101
010101
010101
010101
010101
010101
010101
010101
010101
010101
010101
010101
010101
010101
010101
010101
010101
010101
010101
010101
010101
010101
010101
010101
010101
010101
010101
010101
010101
010101
010101
010101
010302
000201
010101
010101
020001
030000
030000
020000
060405
E3E3E3
FFFFFF
FFFFFF
FFFFFF
FFFFFF
FFFFFF
FFFFFF
FFFFFF
FFFFFF
FFFFFF
FFFFFF
FFFFFF
C96768
CB0506
EF0606
FB0203
FA0103
E90908
C71818
982A29
260303
040000
010000
070707
D1D1D1
000000
010101
010101
010101
010101
010101
010101
010101
010101
010101
010101
010101
010101
010101
010101
010101
010101
010101
010101
010101
010101
010101
010101
010101
010101
010101
010101
010101
010101
010101
010101
010101
010101
010101
010101
010101
010101
010101
010101
010101
010101
020001
040000
070000
090000
0A0202
EAEAEA
FFFFFF
FFFFFF
E0E0E0
161616
515151
FFFFFF
FFFFFF
FEFFFF
FEFFFF
FFFFFF
FFFFFF
FFFBFC
FAEFF0
C65A59
D20808
F60404
F20506
D61211
AB2828
3F0808
130000
020100
020202
EAEAEA
FFFFFF
CCCCCC
000000
000201
010101
010101
010101
010101
010101
010102
010103
010102
010101
010101
010101
010101
010101
010101
010101
010101
010101
010101
010101
010101
010101
010101
010101
010101
010101
010101
010101
010101
010101
010101
010101
010101
010101
010101
010101
010101
010101
020001
070000
100000
2A0203
380202
F0D5D4
FFFAFC
FFFFFF
E4E3E4
0C0C0C
000003
010101
535354
FFFFFF
FFFFFF
FEFFFF
FFFFFF
FFFFFF
FFFCFC
FFE9E9
FCD8D8
E34140
E70302
D81011
B62221
440505
150000
080000
000000
EEEFEF
FFFFFF
FFFFFF
E4E4E4
000000
000201
010101
010101
010101
010101
010101
010102
010103
010102
010101
010101
010101
010101
010101
010101
010101
010101
010101
010101
010101
010101
010101
010101
010101
010101
010101
010101
010101
010101
010101
010101
010101
010101
010101
010101
020202
000100
010001
040000
100000
330000
550000
B31C1A
B82D2D
FEE2E4
E8E0E2
070707
000005
010004
3F3D45
F9F8F9
FFFFFF
FFFFFF
FFFFFF
FFFFFF
FFFFFF
FFF1EF
FFE0E0
D85857
D40B0A
D51011
A51A1B
EDC7C6
F9F7F7
1E1717
020202
EFEFEF
FFFFFF
FFFFFF
E8E8E8
070707
010101
010101
010101
010101
010101
010101
010101
010101
010101
010101
010101
010101
010101
010101
010101
010101
010101
010101
010101
010101
010101
010101
010101
010101
010101
010101
010101
010101
010101
010101
010101
010101
010101
010101
010101
010101
010101
010101
040000
0E0000
2E0000
580101
B31B1B
D31313
C01919
7C3032
140202
06000A
00001F
362D65
F9F8FC
FCF7FF
FFFEFF
FFFFFF
FFFFFF
FFFEFE
FFF0F0
FEE5E5
D5615F
C80D0D
CA1414
AD1A18
EDC3C2
FFFAF9
FFFCFD
FDFDFD
FDFDFD
FFFFFF
FFFFFF
E9E9E9
020202
040000
040000
040100
020001
010101
010101
010101
010101
000000
000000
010101
010101
010101
010101
010101
010101
010101
010101
010101
010101
010101
010101
010101
010101
010101
010101
010101
010101
010101
010101
010101
010101
010101
010101
010101
010101
010101
010101
000101
080000
240000
4C0202
BA1818
D41314
C61818
9C2322
200000
060009
000021
0B0361
240AB3
563FBE
F5F2F8
FCF7FF
FFFEFF
FFFFFF
FFF5F5
FCE2E3
D36565
C20E0D
CB1413
A41E1E
E8C1C0
FFFAFA
FFFCFA
FFFEFF
FEFFFF
FFFFFF
FFFFFF
E7E7E7
000000
060000
0B0000
0D0000
090000
030000
010101
010101
010101
010101
010101
010101
010101
010101
010101
010101
010101
010101
010101
010101
010101
010101
010101
010101
010101
010101
010101
010101
010101
010101
010101
010101
010101
010101
010101
010101
010101
010101
010101
010101
000101
0A0000
230000
882A2B
C01B1C
CA1719
9E2021
330000
100000
00000A
1B1A3A
3A2A8D
2508B8
230BA0
716699
FFFFFF
FFFEFF
FFFFFF
FFFFFF
CA8081
AC1212
BE1818
AE1F1E
EABCBB
FFFDFC
FFFBFC
FFFFFF
FEFFFF
FEFFFF
FFFFFF
FDFDFD
121212
060000
180000
300102
380303
2E0000
0F0000
030000
010001
010101
010101
010101
010101
010101
010101
010101
010101
010101
010101
010101
010101
010101
010101
010101
010101
010101
010101
010101
010101
010101
010101
010101
010101
010101
010101
010101
010101
010101
010101
010101
010101
000101
080000
140000
6B2A29
9E2C2C
942425
290000
0F0000
010000
343337
FFFFFF
E9DFF2
362386
7666AC
FFFFFF
FFFEFF
FFFFFF
FFFFFF
FFFFFF
CC9A9A
962727
962D2C
E0BCBC
FFFCFC
FFFBFB
FFFEFE
FFFFFF
FFFFFF
FFFFFF
FFFFFF
FFFFFF
FFFFFF
2B1A1A
3D0000
6B0908
AF201D
650202
2F0000
0D0000
030000
010101
020001
020101
000000
010101
010101
010101
010101
010101
010101
010101
010101
010101
010101
010101
010101
010101
010101
010101
010101
010101
010101
010101
010101
010101
010101
010101
010101
010101
010101
010101
010101
010101
040000
0E0000
170000
692A2A
2C0101
0E0000
000000
373737
FFFFFF
FFFEFF
FEF4FF
E2CDF9
ECD9FC
FFFDFF
FFFEFF
FFFFFF
FFFFFF
FFFBFC
FFFFFF
BC8E8E
D3B4B3
FFFFFF
FFFCFC
FFFEFF
FFFFFF
FFFFFF
FFFFFF
FFFFFF
FFFFFF
FFFDFD
FFF7F7
FFE2E2
6F0303
CB1C1A
DD100F
C01211
5E0303
300000
0D0000
020000
020001
020001
010101
010101
010101
010101
010101
010101
010101
010101
010101
010101
010101
010101
010101
010101
010101
010101
010101
010101
010101
010101
010101
010101
010101
010101
010101
010101
010101
010101
010101
010101
020100
040000
080000
0B0000
0F0000
0A0000
3D3535
FFFFFF
FFFFFF
FFFCFF
B1A1DC
0D00B3
462CC2
E0DDEB
FFFCFF
FFFEFF
FFFCFD
FFFBFA
FFF7F7
FFFEFE
FFFFFE
FFFCFB
FFFEFE
FFFFFF
FFFFFF
FFFFFF
FFFFFF
FFFFFF
FFFFFD
FFF6F6
FFE5E5
EEA7A6
D41111
F10605
F30403
E80C0B
C01314
600505
210000
040000
020000
000101
000000
010101
010101
010101
010101
010101
010101
010101
010101
010101
010101
010101
010101
010101
010101
010101
010101
010101
010101
010101
010101
010101
010101
010101
010101
010101
010101
010101
010101
010101
010101
000101
040000
0F0000
1E0000
450C0B
FFF3F4
FFF6F7
FFFFFF
ACA7B2
0D0061
2B10C0
1B02A0
56498D
FFFFFF
FFFBFD
FFF1F1
F3CECE
F4D1D2
FFF3F2
FFFBFB
FEFFFE
FEFFFF
FFFFFF
FFFFFF
FFFFFF
FFFFFF
FFFDFD
FFF5F5
FFE6E6
EEA4A3
BF0D0C
EF0707
FF0000
FF0000
EE0604
D61616
901C1C
190000
030000
020000
010101
010101
010101
010101
010101
010101
010101
010101
010101
010101
010101
010101
010101
010101
010101
010101
010101
010101
010101
010101
010101
010101
010101
010101
010101
010101
010101
010101
010101
010101
010100
010000
020101
0E0000
2A0000
650A09
B32624
E99F9E
FFEEEF
A5A3A5
000000
030232
1D0F82
2B1A86
928AB1
FFFBFE
FFF4F8
F9CFCF
C64D4D
BE5555
F1D1CF
FFF5F5
FFFFFF
FFFFFF
FFFFFF
FFFFFF
FFFEFE
FFFFFD
FFF5F5
FFE9E7
E7A4A3
C20D0C
E60A09
EC0000
F80403
F70302
E30908
B81313
671414
0D0000
000000
000000
000100
000200
010101
000000
000000
010101
010101
010101
020202
010101
010101
010101
010101
010101
010101
010101
010101
010101
010101
010101
010101
010101
010101
010101
010101
010101
010101
010101
010101
010101
010100
060000
110000
2B0000
760707
C11D1D
C81717
AB1E1D
AA9292
000000
020003
000011
050538
9890B9
FFFFFF
FFEEF8
F9CED3
DA5453
CB0505
9F0B09
C8908F
FFFEFE
FFFEFF
FFFFFF
FFFEFF
FFFEFE
FFFDFD
FFF4F4
FFEAE9
EB9E9D
B61413
CF1313
CF0E0F
E34E50
C30C0C
D50E0D
C92121
A14C4C
100000
050000
1E1E1E
333333
000000
000201
000000
383838
191919
000000
010101
010101
010101
010101
010101
010101
010101
010101
010101
010101
010101
010101
010101
010101
010101
010101
010101
010101
010101
010101
010101
010101
010101
010101
000000
090000
230000
680E0E
CC1716
DD0F0F
C81C1C
7C1717
0B0000
010001
000000
040406
84838A
FFFFFF
FFF8FC
F5CAD0
D45454
D40000
E00908
BF3D3D
DFC1C2
FFFBFB
FFFFFF
FFFAFA
FFFCFB
FFFEFD
FFF7F6
FFF0EF
DE9F9E
C11313
D31111
B61415
D27474
FDEBEB
B86564
A22120
DA9392
E3E2E2
3A3D3D
0E0F0F
ADADAD
D2D2D2
2C2C2C
000000
323231
DBDBDB
A4A4A4
1C1C1C
010101
010101
010101
010101
010101
010101
010101
010101
010101
010101
010101
010101
010101
010101
010101
010101
010101
010101
010101
010101
010101
010101
010101
010101
000101
090000
200000
8F2F2E
C41B1B
CE191A
7E1313
280000
0E0000
000101
10100F
949495
FFFFFF
FFFFFF
FFFFFF
DD9FA0
AD0000
E60C0C
E20000
F38687
FFFCFC
FFF2F2
E1AEAF
F5D0D0
FFF3F2
FFFBFA
FFF6F5
CC9B9A
9E2422
C01818
B61212
CD7C7E
FFFAF9
FFF7F7
FBF1F1
C39292
FFFFFF
FFFFFF
DADBDB
989897
FFFFFF
FFFFFF
C3C3C3
6D6D6D
CBCBCB
FFFFFF
FFFFFF
545454
000000
010101
010101
010101
010101
010101
010101
010101
010101
010101
010101
010101
010101
010101
010101
010101
010101
010101
010101
010101
010101
010101
020202
010101
000101
070000
140000
501817
A02C2C
7B1515
1F0000
090000
030000
000000
131313
AAAAAA
FFFFFF
FFFFFF
FFFEFE
EED0D1
CB4C4E
DE0606
EA0303
DA4141
F1C2C2
F2A8A8
BB2525
BF5959
F9D7D7
FFF4F5
FFFBFB
C18F8D
962423
991919
CB8081
FFFDFE
FFFBFB
FFFDFD
FFFEFE
FFFFFF
FFFCFB
FFFEFE
FFFFFF
FFFFFF
FFFFFF
FEFEFE
FFFFFF
FFFFFF
FFFFFF
FFFFFF
B4B4B4
272727
000000
020202
010101
020202
010101
010101
010101
010101
010101
010101
010101
010101
010101
010101
010101
010101
010101
010101
010101
010101
010101
010101
020202
010101
010101
030100
0C0000
120000
481617
220000
0B0000
000201
010101
010101
000000
030303
868686
FFFFFF
FFFCFD
FFF8F9
F69596
DF0000
F50404
DB0201
E04040
E32929
D80908
B11010
B15859
F1DADB
FFFAFA
FFFFFF
CF9F9E
C79694
FFFAFA
FFFBFB
FFFFFF
FFFFFF
FEFFFF
FFFFFF
FFFFFF
FFFFFF
FFFFFF
FFFFFF
FFFFFF
FFFFFF
FFFFFF
FFFFFF
FFFFFF
B3B3B3
1D1D1D
000000
010101
020202
010101
010101
010101
010101
010101
010101
010101
010101
010101
010101
010101
010101
010101
010101
010101
010101
010101
010101
010101
010101
010101
010101
010101
000000
030101
050101
020000
050100
020102
000202
010101
010101
000000
060606
9C9C9B
FFFEFE
FFFFFF
F6C9C9
D23B3C
DF090A
E60202
E90201
EA0202
EA0403
E10F0D
B40A0B
BC6A69
F3E5E6
FFFFFF
FFFDFD
FFFFFF
FFFFFF
FFFDFD
FFFEFE
FFFFFF
FFFFFF
FFFFFF
FFFFFF
FFFFFF
FFFFFF
FFFFFF
FFFFFF
FFFFFF
FFFFFF
FFFFFF
FFFFFF
B3B3B3
202020
000000
010101
010101
010101
010101
010101
010101
010101
010101
010101
010101
010101
010101
010101
010101
010101
010101
010101
010101
010101
010101
010101
010101
010101
020202
010101
010101
010101
010101
000101
000101
000101
010203
000001
010101
000000
040404
B0B0B0
FFFFFF
FFFEFE
E5D2D2
A54342
C10F0E
BE0C0C
CF5554
DD4F4F
CC0505
D71313
B90806
CE7070
FCEAE9
FFFDFD
FEFFFF
FFFFFF
FFFFFF
FFFFFF
FFFFFF
FEFFFF
FEFFFF
FFFFFF
FFFFFF
FFFFFF
FFFFFF
FFFFFF
FFFFFF
FFFFFF
FFFFFF
FFFFFF
FFFFFF
B5B5B5
212121
000000
010101
010101
010101
010101
010101
010101
010101
010101
010101
010101
010101
010101
010101
010101
010101
010101
010101
010101
010101
010101
010101
010101
010101
010101
010101
010101
010101
010101
010101
010101
010101
010101
010101
010101
000000
000000
B7B7B7
FFFFFF
FFFFFE
FFFDFC
F1E4E6
BD7070
9C0302
BB5050
EFDCDC
F4D6D5
BB4E4D
940606
C77173
F9E9ED
FFFEFF
FFFDFE
FEFDFF
FFFDFF
FFFEFF
FEFCFF
FFFFFF
FFFEFF
FFFFFF
FFFFFF
FEFEFE
FFFFFF
FFFFFF
FFFFFF
FFFFFF
FFFFFF
FFFFFF
FFFFFF
B8B8B8
222222
000000
010101
010101
010101
010101
010101
010101
010101
010101
010101
010101
010101
010101
010101
010101
010101
010101
010101
010101
010101
010101
010101
010101
010101
010101
010101
010101
010101
010101
010101
010101
010101
010101
010101
010101
000000
000000
BEBEBE
FFFFFF
FFFFFF
FFFFFF
FFFDFC
FFFDFF
FAE6E6
DEB0B0
F1D7D6
FFFFFF
FFFCFC
EFD6D4
DBB3B3
F7E4EB
FFF4FF
FFFDFF
FFFFFF
FFFAFF
FFF8FF
FFFFFF
FFFFFF
FDF5FF
FFFDFF
FFFFFF
FFFFFF
FFFFFF
FEFEFE
FFFFFF
FFFFFE
FFFFFE
FFFFFF
FFFFFF
BCBABC
212121
000000
010101
010101
010101
010101
010101
010101
010101
010101
010101
010101
010101
010101
010101
010101
010101
010101
010101
010101
010101
010101
010101
010101
010101
010101
010101
010101
010101
010101
010101
010101
010101
010101
010101
010101
010101
000000
C6C6C6
FFFFFF
FFFFFF
FFFFFF
FFFFFF
FFFFFF
FFFEFE
FFFFFF
FFFFFF
FFFFFF
FFFEFE
FFFDFD
FFFFFF
FFFFFF
FEFAFF
FFFFFF
8977B0
4F3E8A
EDDEF3
FFFFFF
6B5C9E
5B4992
FFF6FF
FFFFFF
3D3D3D
505050
FFFFFF
FFFFFF
FFFFFF
FFFFFD
FFFFFE
FFFFFF
C0C0C0
1F1F1F
000000
010101
010101
010101
010101
010101
010101
010101
010101
010101
010101
010101
010101
010101
010101
010101
010101
010101
010101
010101
010101
010101
010101
010101
010101
010101
010101
010101
000000
010101
000000
010101
000103
000103
010101
010101
000000
CDCDCD
FFFFFF
FEFEFE
FEFFFF
FDFFFE
FFFFFF
FFFFFF
FFFFFF
FFFFFF
FFFFFF
FFFFFF
FFFFFF
FFFFFF
FFFFFF
FFFFFF
FFFFFF
8A7FBB
28138F
200A8F
412BA6
4732AC
261095
230D90
54429B
312F48
000000
000000
4C4C4C
FFFFFF
FFFFFF
FEFFFF
FFFFFF
C6C6C6
1D1C1D
000000
010101
000201
010101
010101
010101
010101
010101
010101
010101
010101
010101
010101
010101
010101
010101
010101
010101
010101
010101
010101
010101
010101
010101
010101
010101
010101
010101
010101
010101
010101
010101
010101
000103
000103
010101
000000
D0D0D0
FFFFFF
FFFFFF
FFFFFF
FEFFFF
FDFFFE
FFFFFF
FFFFFF
FFFFFF
FFFFFF
FFFFFF
FFFFFF
929292
929292
FFFFFF
FFFFFF
747480
0D0A41
1E0F88
17038B
BAA6DD
D8CEED
2E1A96
281496
020056
000016
010101
000000
101010
FFFFFF
FFFFFF
FFFFFF
CBCBCB
191919
000000
010101
010101
000201
010101
010101
010101
010101
010101
010101
010101
010101
010101
010101
010101
010101
010101
010101
010101
010101
010101
010101
010101
010101
010101
010101
010101
010101
010101
010101
010000
020001
010101
010101
000201
000201
000000
D3D3D3
FFFFFF
FFFFFF
FFFFFF
FFFFFF
FFFFFF
FFFFFF
FFFFFF
FFFFFF
FFFFFF
FFFFFF
FFFFFF
A6A6A6
0C0C0C
0C0C0C
B5B5B5
858684
070709
000017
000019
B5AEC8
FEFBFE
FFFCFF
F0EDFC
130F3D
000020
01000C
000000
0B0B0B
E4E4E4
FFFFFF
FFFFFF
D1D1D1
151515
000000
010101
020001
010101
000000
010101
010101
010101
010101
010101
010101
010101
010101
010101
010101
010101
010101
010101
010101
010101
010101
010101
010101
010101
010101
010101
010101
010101
010101
010101
010101
020001
020001
010101
010101
000201
000201
000000
F9F9F9
FFFFFF
FFFFFF
FFFFFF
FFFFFF
FFFFFF
FFFFFF
FFFFFF
FFFFFF
FFFFFF
FFFFFF
ACACAC
0C0C0C
000001
000000
100E0E
0F0808
0A0000
000000
B0AEB0
FDFCFC
FFFFFF
FFFFFF
2F2E2D
040103
070001
090000
110808
EBEBEB
FFFFFF
FFFFFF
D6D6D6
101010
000000
010101
010101
020001
020001
010101
010101
010101
010101
010101
010101
010101
010101
010101
010101
010101
010101
010101
010101
010101
010101
010101
010101
010101
010101
010101
010101
010101
010101
010101
010101
010101
010101
010101
010101
010101
010101
010101
010101
0E0E0E
F7F7F7
FFFFFF
FFFFFF
FFFFFF
FFFFFF
FFFFFF
FFFFFF
FFFFFF
FFFFFF
B1B1B1
080808
000000
010101
000102
030000
160000
130000
B69E9D
FDFDFD
FFFFFF
FFFFFF
2D2D2D
000000
0C0000
210402
280707
F2E9E9
FFFDFD
FFFFFF
DBDBDB
0B0B0B
000000
010101
010101
010101
010101
010101
010101
010101
010101
010101
010101
010101
010101
010101
010101
010101
010101
010101
010101
010101
010101
010101
010101
010101
010101
010101
010101
010101
010101
010101
010101
010101
010101
010101
010101
010101
010101
010101
010101
010101
010101
F7F7F7
FFFFFF
FFFFFF
FFFFFF
FFFFFF
FFFFFF
FFFFFF
FFFFFF
B7B7B7
050505
000000
010101
020101
080000
150000
3B0000
771111
E2AEAD
FFEDED
FDFDFD
2F2F2E
000000
110000
350000
490000
913231
FFDEDD
FFFCFB
DFDFDF
070707
000000
010101
010101
010101
010101
010101
010101
010101
010101
010101
010101
010101
010101
010101
010101
010101
010101
010101
010101
010101
010101
010101
010101
010101
010101
010101
010101
010101
010101
010101
010101
010101
010101
010101
010101
010101
010101
010101
010101
000000
070707
EEEEEE
FFFFFF
FFFFFF
F8F8F8
FFFFFF
FFFFFF
FFFFFF
FEFEFE
BCBCBC
020202
010101
000201
000101
060101
170000
3A0101
9E0F0F
D01615
A71818
F1BFC0
433233
010000
0D0000
330000
670101
BD1919
C21919
B13331
E5D2D2
020202
020001
010000
010101
010101
010100
010100
010101
010101
020001
010101
010101
010101
010101
010101
010101
010101
010101
010101
010101
010101
010101
010101
010101
010101
010101
010101
010101
010101
010101
010101
010101
010101
010101
010101
010101
010101
010101
020202
010101
010101
0D0D0D
ECECEC
FFFFFF
FFFFFF
E8E8E8
0A0A0A
F2F2F2
FFFFFF
FEFEFE
C0C0C0
000000
010101
010202
000201
000101
0A0001
340101
901313
D41715
DB100F
B32324
450809
120000
0D0000
2D0000
560202
BF1818
D41011
C71919
962321
170000
010100
020001
020001
010101
010101
010100
010100
010101
010101
020001
010101
010101
010101
010101
010101
010101
010101
010101
010101
010101
010101
010101
010101
010101
010101
010101
010101
010101
010101
010101
010101
010101
010101
010101
010101
010101
010101
010101
010101
010101
000000
E9E9E9
FFFFFF
FFFFFF
E8E8E8
000000
000000
0F0F0F
E9E9E9
C2C2C2
000000
010101
010101
010101
010101
010001
120000
7A1212
D31A1A
D31312
BB1E1D
4E0808
100000
070000
1D0000
500404
B11E1D
CE1514
C71919
922525
270000
0D0000
000101
010101
010101
010101
010101
010101
010102
010103
010102
010101
010101
010101
010101
010101
010101
010101
010101
010101
010101
010101
010101
010101
010101
010101
010101
010101
010101
010101
010101
010101
010101
010101
010101
010101
010101
010101
010101
010101
010101
010101
000000
C5C5C5
FFFFFF
E2E2E2
000000
010101
010101
000000
000000
000000
010101
010101
010101
010101
010101
010000
0A0000
641010
BA1F1F
B02121
580A0A
1A0000
040001
020000
110000
7B2526
AA2726
B52122
981F1F
2A0000
100000
060000
010101
010101
000000
010101
010101
010101
010102
010103
010102
010101
010101
010101
010101
010101
010101
010101
010101
010101
010101
010101
010101
010101
010101
010101
010101
010101
010101
010101
010101
010101
010101
010101
010101
010101
010101
010101
010101
010101
010101
010101
000000
000000
C8C8C8
040404
000000
010101
010101
010101
010101
010101
010101
010101
010101
010101
010101
000101
070001
160000
541E1D
3D1313
100000
080000
030202
010001
0A0000
170000
642A2B
6E2F2F
230000
110000
050000
030001
010101
010101
010101
010101
010101
010101
010101
010101
010101
010101
010101
010101
010101
010101
010101
010101
010101
010101
010101
010101
010101
010101
010101
010101
010101
010101
010101
010101
010101
010101
010101
010101
010101
010101
010101
010101
010101
010101
010101
000000
010101
010101
000000
000000
010101
010101
010101
020202
010101
010101
010101
010101
010101
010101
010101
010101
010101
090000
090000
040000
010101
000101
010101
010101
030000
0B0000
0B0000
0D0000
0B0000
040000
010101
010101
010101
010101
010101
010101
010101
010101
010101
010101
010101
010101
010101
010101
010101
010101
010101
010101
010101
010101
010101
010101
010101
010101
010101
010101
010101
010101
010101
010101
010101
010101
010101
010101
010101
010101
010101
010101
010101
010101
010101
010101
010101
010101
010101
010101
010101
010101
010101
010101
010101
010101
010101
010101
010101
010101
010101
010101
010101
030000
030000
020001
010101
010101
010101
010100
020100
030000
050000
050000
030000
020001
010101
010101
010101
010101
010101
010101
010101
010101
010101
010101
010101
010101
010101
010101
010101
010101
010101
010101
010101
010101
010101
010101
010101
010101
010101
010101
010101
010101
010101
010101
010101
010101
010101
010101
010101
010101
010101
010101
010101
010101
010101
010101
010101
010101
010101
010101
010101
010101
010101
010101
010101
010101
010101
010101
010102
010101
010101
010101
010101
010101
010101
010101
010101
010101
010101
010100
010100
010101
010101
010101
010101
010101
010101
010101
010101
010101
010101
010101
010101
010101
010101
010101
010101
010101
010101
010101
010101
010101
010101
010101
010101
010101
010101
010101
010101
010101
010101
010101
010101
010101
010101
010101
010101
010101
010101
010101
010101
010101
010101
010101
010101
010101
010101
010101
010101
010101
010101
010101
010101
010101
010101
010101
010101
010101
010101
010101
010103
010102
010101
010101
010101
010101
010101
010101
010101
010101
010101
010101
010101
010100
010100
010101
010101
010101
010101
010101
010101
010101
010101
010101
010101
010101
010101
010101
010101
010101
010101
010101
010101
010101
010101
010101
010101
010101
010101
010101
010101
010101
010101
010101
010101
010101
010101
010101
010101
010101
010101
010101
010101
010101
010101
010101
010101
010101
010101
010101
010101
010101
010101
010101
010101
010101
010101
010101
010101
010101
010101
010102
010102
010101
010101
010101
010101
010101
010102
010101
010101
010101
010101
010101
010101
010100
010100
010101
010101
010101
010101
010101
010101
010101
010101
010101
010101
010101
010101
010101
010101
010101
010101
010101
010101
010101
010101
010101
010101
010101
010101
010101
010101
010101
010101
010101
010101
010101
010101
010101
010101
010101
010101
010101
010101
010101
010101
010101
010101
010101
010101
010101
010101
010101
010101
010101
010101
010101
010101
010101
010101
010101
010101
010101
010101
010101
010101
010100
010101
010102
010103
010102
010101
000201
000201
010101
010101
010101
010101
000201
000201
010101
010101
010101
010101
010101
010101
010101
010101
010101
010101
010101
010101
010101
010101
010101
010101
010101
010101
010101
010101
010101
010101
010101
010101
010101
010101
010101
010101
010101
010101
010101
010101
010101
010101
010101
010101
010101
010101
010101
010101
010101
010101
010101
010101
010101
010101
010101
010101
010101
010101
010101
010101
010101
010101
010101
010101
010101
010100
010100
010101
010102
010102
010102
010101
000201
000201
010101
010101
010101
010101
000201
000201
010101
010101
010101
010101
010101
010101
010102
010101
010101
010101
010101
010101
010101
010101
010101
010101
010101
010101
010101
010101
010101
010101
010101
010101
010101
010101
010101
010101
010101
010101
010101
010101
010101
010101
010101
010101
010101
010101
010101
010101
010101
010101
010101
010101
010101
010101
010101
010101
010101
010101
010101
010101
010101
010101
010101
010101
010101
010101
010101
010101
010101
010101
010101
010101
010101
010101
000201
000201
010101
010101
010101
010101
020001
020001
010101
010101
010101
010101
010103
010102
010101
010101
010101
010101
010101
010101
010101
010101
010101
010101
010101
010101
010101
010101
010101
010101
010101
010101
010101
010101
010101
010101
010101
010101
010101
010101
010101
010101
010101
010101
010101
010101
010101
010101
010101
010101
010101
010101
010101
010101
010101
010101
010101
010101
010101
010101
010101
010101
010101
010101
010101
010101
010101
010101
010101
010101
010101
010101
010101
010101
010101
010101
010101
010101
010101
010101
010101
010101
010101
010101
010102
010101
010101
010101
010101
010101
010101
010101
010101
010101
010101
010101
010101
010101
010101
010101
010101
010101
010101
010101
010101
010101
010101
010101
010101
010101
010101
010101
010101
010101
010101
010101
010101
010101
010101
010101
010101
010101
010101
010101
010101
010101
010101
010101
010101
010101
010101
010101
010101
010101
010101
010101
010101
010101
010101
010101
010101
010101
010101
010101
010101
010101
010101
010101
010101
010101
010101
010101
010101
010101
010101
010101
010101
010101
010101
010101
010101
010101
010101
010101
010101
010101
010101
010101
010101
010101
010101
010101
010101
010101
010101
010101
010101
010101
010101
010101
010101
010101
010101
010101
010101
010101
010101
010101
010101
010101
010101
010101
010101
010101
010101
010101
010101
010101
010101
010101
010101
010101
010101
010101
010101
010101
010101
010101
010101
010101
010101
010101
010101
010101
010101
010101
010101
010101
010101
010101
010101
010101
010101
010101
010101
010101
010101
010101
010101
010101
010101
010101
010101
010101
010101
010101
010101
010101
010101
010101
010101
010101
010101
010101
010101
010101
010101
010101
010101
010101
010101
010101
010101
010101
010101
010101
010101
010101
010101
010101
010101
010101
010101
010101
010101
010101
010101
010101
010101
010101
010101
010101
010101
010101
010101
010101
010101
010101
010101
010101
010101
010101
010101
010101
010101
010101
010101
010101
010101
010101
010101
010101
010101
010101
010101
010101
010101
010101
010101
010101
010101
010101
010101
010101
010101
010101
010101
010101
010101
010101
010101
010101
010101
010101
010101
010101
010101
010101
010101
010101
010101
010101
010101
010101
010101
010101
010101
010101
010101
010101
010101
010101
010101
010101
010101
010101
010101
010101
010101
010101
010101
010101
010101
010101
010101
010101
010101
010101
010101
010101
010101
010101
010101
010101
010101
010101
010101
010101
010101
010101
010101
010101
010101
010101
010101
010101
010101
010101
010101
010101
010101
010101
010101
010101
010101
010101
010101
010101
010101
010101
010101
010101
010101
010101
010101
010101
010101
010101
010101
010101
010101
010101
010101
010101
010101
010101
010101
010101
010101
010101
010101
010101
010101
010101
010101
010101
010101
010101
010101
010101
010101
010101
010101
010101
010101
010101
010101
010101
010101
010101
010101
010101
010101
010101
010101
010101
010101
010101
010101
010101
010101
010101
010101
010101
010101
010101
010101
010101
010101
010101
010101
010101
010101
010101
010101
010101
010101
010101
010101
010101
010101
010101
010101
010101
010101
010101
010101
010101
010101
010101
010101
010101
010101
010101
010101
010101
010101
010101
010101
010101
010101
010101
010101
010101
010101
010101
010101
010101
010101
010101
010101
010101
010101
010101
010101
010101
010101
010101
010101
010101
010101
010101
010101
010101
010101
010101
010101
010101
010101
010101
010101
010101
010101
010101
010101
010101
010101
010101
010101
010101
010101
010101
010101
010101
010101
010101
010101
010101
010101
010101
010101
010101
010101
010101
010101
010101
010101
010101
010101
010101
010101
010101
010101
010101
010101
010101
010101
010101
010101
010101
010101
010101
010101
010101
010101
010101
010101
010101
010101
010101
010101
010101
010101
010101
010101
010101
010101
010101
010101
010101
010101
010101
010101
010101
010101
010101
010101
010101
010101
010101
010101
010101
010101
010101
010101
010101
010101
010101
010101
010101
010101
010101
010101
010101
010101
010101
010101
010101
010101
010101
010101
010101
010101
010101
010101
010101
010101
010101
010101
010101
010101
010101
010101
010101
010101
010101
010101
010101
010101
010101
010101
010101
010101
010101
010101
010101
010101
010101
010101
010101
010101
010101
010101
010101
010101
010101
010101
010101
010101
010101
010101
010101
010101
010101
010101
010101
010101
010101
010101
010101
010101
010101
010101
010101
010101
010101
010101
010101
010101
010101
010101
010101
010101
010101
010101
010101
010101
010101
010101
010101
010101
010101
010101
010101
010101
010101
010101
010101
010101
010101
010101
010101
010101
010101
010101
010101
010101
010101
010101
010101
010101
010101
010101
010101
010101
010101
010101
010101
010101
010101
010101
010101
010101
010101
010101
010101
010101
010101
010101
010101
010101
010101
010101
010101
010101
010101
010101
010101
010101
010101
010101
010101
010101
010101
010101
010101
010101
010101
010101
010101
010101
010101
010101
010101
010101
010101
010101
010101
010101
010101
010101
010101
010101
010101
010101
010101
010101
010101
010101
010101
010101
010101
010101
010101
010101
010101
010101
010101
010101
010101
010101
010101
010101
010101
010101
010101
010101
010101
010101
010101
010101
010101
010101
010101
010101
010101
010101
010101
010101
010101
010101
010101
010101
010101
010101
010101
010101
010101
010101
010101
010101
010101
010101
010101
010101
010101
010101
010101
010101
010101
010101
010101
010101
010101
010101
010101
010101
010101
010101
010101
010101
010101
010101
010101
010101
010101
010101
010101
010101
010101
010101
010101
010101
010101
010101
010101
010101
010101
010101
010101
010101
010101
