010101
010101
010101
010101
010101
010101
010101
010101
010101
010101
010101
010101
010101
010101
010101
010101
010101
010101
010101
010101
010101
010101
010101
010101
010101
010101
010101
010101
010101
010101
010101
010101
010101
010101
010101
010101
010101
010101
010101
010101
010101
010101
010101
010101
010101
010101
010101
010101
010101
010101
010101
010101
010101
010101
010101
010101
010101
010101
010101
010101
010101
010101
010101
010101
010101
010101
010101
010101
010101
010101
010101
010101
010101
010101
010101
010101
010101
010101
010101
010101
010101
010101
010101
010101
010101
010101
010101
010101
010101
010101
010101
010101
010101
010101
010101
010101
010101
010101
010101
010101
010101
010101
010101
010101
010101
010101
010101
010101
010101
010101
010101
010101
010101
010101
010101
010101
010101
010101
010101
010101
010101
010101
010101
010101
010101
010101
010101
010101
010101
010101
010101
010101
010101
010101
010101
010101
010101
010101
010101
010101
010101
010101
010101
010101
010101
010101
010101
010101
010101
010101
010101
010101
010101
010101
010101
010101
010101
010101
010101
010101
010101
010101
010101
010101
010101
010101
010101
010101
010101
010101
010101
010101
010101
010101
010101
010101
010101
010101
010101
010101
010101
010101
010101
010101
010101
010101
010101
010101
010101
010101
010101
010101
010101
010101
010101
010101
010101
010101
010101
010101
010101
010101
010101
010101
010101
010101
010101
010101
010101
010101
010101
010101
010101
010101
010101
010101
010101
010101
010101
010101
010101
010101
010101
010101
010101
010101
010101
010101
010101
010101
010101
010101
010101
010101
010101
010101
010101
010101
010101
010101
010101
010101
010101
010101
010101
010101
010101
010101
010101
010101
010101
010101
010101
010101
010101
010101
010101
010101
010101
010101
010101
010101
010101
010101
010101
010101
010101
010101
010101
010101
010101
010101
010101
010101
010101
010101
010101
010101
010101
010101
010101
010101
010101
010101
010101
010101
010101
010101
010101
010101
010101
010101
010101
010101
010101
010101
010101
010101
010101
010101
010101
010101
010101
010101
010101
010101
010101
010101
010101
010101
010101
010101
010101
010101
010101
010101
010101
010101
010101
010101
010101
010101
010101
010101
010101
010101
010101
010101
010101
010101
010101
010101
010101
010101
010101
010101
010101
010101
010101
010101
010101
010101
010101
010101
010101
010101
010101
010101
010101
010101
010101
010101
010101
010101
010101
010101
010101
010101
010101
010101
010101
010101
010101
010101
010101
010101
010101
010101
010101
010101
010101
010101
010101
010101
010101
010101
010101
010101
010101
010101
010101
010101
010101
010101
010101
010101
010101
010101
010101
010101
010101
010101
010101
010101
010101
010101
010101
010101
010101
010101
010101
010101
010101
010101
010101
010101
010101
010101
010101
010101
010101
010101
010101
010101
010101
010101
010101
010101
010101
010101
010101
010101
010101
010101
010101
010101
010101
010101
010101
010101
010101
010101
010101
010101
010101
010101
010101
010101
010101
010101
010101
010101
010101
010101
010101
010101
010101
010101
010101
010101
010101
010101
010101
010101
010101
010101
010101
010101
010101
010101
010101
010101
010101
010101
010101
010101
010101
010101
010101
010101
010101
010101
010101
010101
010101
010101
010101
010101
010101
010101
010101
010101
010101
010101
010101
010101
010101
010101
010101
010101
010101
010101
010101
010101
010101
010101
010101
010101
010101
010101
010101
010101
010101
010101
010101
010101
010101
010101
010101
010101
010101
010101
010101
010101
010101
010101
010101
010101
010101
010101
010101
010101
010101
010101
010101
010101
010101
010101
010101
010101
010101
010101
010101
010101
010101
010101
010101
010101
010101
010101
010101
010101
010101
010101
010101
010101
010101
010101
010101
010101
010101
010101
010101
010101
010101
010101
010101
010101
010101
010101
010101
010101
010101
010101
010101
010101
010101
010101
010101
010101
010101
010101
010101
010101
010101
010101
010101
010101
010101
010101
010101
010101
010101
010101
010101
010101
010101
010101
010101
010101
010101
010101
010101
010101
010101
010101
010101
010101
010101
000000
010101
010101
000000
000000
000000
010101
010101
010101
010101
010101
010101
020001
010101
010101
010101
010101
010101
010101
010101
010101
010101
010101
010101
010101
010101
010101
010101
010101
010101
010101
010101
010101
010101
010101
010101
010101
010101
010101
010101
010101
010101
010101
010101
010101
010101
010101
010101
010101
010101
010101
010101
010101
010101
010101
010101
010101
010101
010101
010101
010101
010101
010101
010101
010101
010101
010101
010101
010101
010101
010101
010101
010101
010101
010101
090909
616161
505050
000000
010101
010101
010101
010101
010101
020001
010001
020202
010101
010101
010101
010101
010101
010101
010101
010101
010101
010101
010101
010101
010101
010101
010101
010101
010101
010101
010101
010101
010101
010101
010101
010101
010101
010101
010101
010101
010101
010101
010101
010101
010101
010101
010101
010101
010101
010101
010101
010101
010101
010101
010101
010101
010101
010101
010101
010101
010101
010101
010101
010101
010101
010101
010101
010101
010101
010101
010101
000000
0A0A0A
FFFFFF
F7F7F7
575757
010101
010101
010101
010101
010101
010101
010101
010101
010101
010101
010101
010101
010101
010101
010101
010101
010101
010101
010101
010101
010101
010101
010101
010101
010101
010101
010101
010101
010101
010101
010101
010101
010101
010101
010101
010101
010101
010101
010101
010101
010101
010101
010101
010101
010101
010101
010101
010101
010101
010101
010101
010101
010101
010101
010101
010101
010101
010101
010101
010101
010101
010101
010101
010101
010101
010101
010101
080808
858585
FFFFFF
FFFFFF
E7E7E7
000000
010101
010101
010101
010202
000100
000000
010101
010101
010101
010101
010101
010101
010101
010101
010101
010101
010101
010101
010101
010101
010101
010101
010101
010101
010101
010101
010101
010101
010101
010101
010101
010101
010101
010101
010101
010101
010101
010101
010101
010101
010101
010101
010101
010101
010101
010101
010101
010101
010101
010101
010101
010101
010101
010101
010101
010101
010101
010101
010101
010101
010101
010101
010101
010101
010101
000000
010101
FFFFFF
FFFFFF
E7E7E7
505050
000000
010101
010101
010101
020102
010000
010100
000000
010101
010101
010101
010101
010101
010101
010101
010101
010101
010101
010101
010101
010101
010101
010101
010101
010101
010101
010101
010101
010101
010101
010101
010101
010101
010101
010101
010101
010101
010101
010101
010101
010101
010101
010101
010101
010101
010101
010101
010101
010101
010101
010101
010101
010101
010101
010101
010101
010101
010101
010101
010101
010101
010101
010101
010101
010101
010101
050505
999999
FFFFFF
FFFFFF
EBEBEB
868686
6B6B6B
000000
020001
010001
020001
020001
010001
000101
010101
010101
010101
010101
010101
010101
010101
010101
010101
010101
010101
010101
010101
010101
010101
010101
010101
010101
010101
010101
010101
010101
010101
010101
010101
010101
010101
010101
010101
010101
010101
010101
010101
010101
010101
010101
010101
010101
010101
010101
010101
010101
010101
010101
010101
010101
010101
010101
010101
010101
010101
010101
010101
010101
010101
010101
010101
010101
090909
FFFFFF
FFFFFF
FFFFFF
FFFFFF
FFFFFF
F7F6F7
7F7D7E
000000
0B0000
140000
170002
0C0000
070000
040000
020001
010101
010101
010101
010101
010101
010101
010101
010101
010101
010101
010101
010101
010101
010101
010101
010101
010101
010101
010101
010101
010101
010101
010101
010101
010101
010101
010101
010101
010101
010101
010101
010101
010101
010101
010101
010101
010101
010101
010101
010101
010101
010101
010101
010101
010101
010101
010101
020202
010101
010101
010101
010101
010101
010101
010101
010101
000000
FFFFFF
FFFFFF
FFFFFF
FFFFFF
FFFFFF
D8D9D9
464545
170000
530D0D
651212
410000
350000
220000
0F0000
050000
010001
020001
010101
000000
000000
000000
010101
010101
010101
010101
000000
010101
010101
010101
010101
010101
010101
010101
010101
010101
010101
010101
010101
010101
010101
010101
010101
010101
010101
010101
010101
010101
010101
010101
010101
010101
010101
010101
010101
010101
010101
010101
010101
010101
010101
010101
010101
010101
010101
010101
010101
010101
010101
010101
010101
020202
B7B7B7
FFFFFF
FFFFFF
FFFFFF
FFFFFF
FFFFFF
B9BABA
000000
320000
870D0D
B81D1C
A41311
9C1918
640B0B
2A0000
100000
060000
030001
000000
979797
B6B6B6
010101
000000
010101
010101
010101
000000
010101
010101
020202
010101
010101
010101
010101
010101
010101
010101
010101
010101
010101
010101
010101
010101
010101
010101
010101
010101
010101
010101
010101
010101
010101
010101
010101
010101
010101
010101
010101
010101
010101
010101
010101
010101
010101
010101
010101
010101
010101
010101
020001
020001
000000
FFFFFF
FFFFFF
FFFFFF
FFFEFF
FFFFFF
FFFFFF
F0F0F0
908583
2B0000
970707
DF1312
E20E0E
E01110
C31211
961F1F
410C0C
100000
010000
9B9B9B
FDFDFD
FFFFFF
D7D7D7
0D0D0D
000000
010101
010101
010101
010101
010101
010101
010101
010101
000201
000202
010103
010102
010101
010101
010101
010101
010101
010101
010101
010101
010101
010101
010101
010101
010101
010101
010101
010101
010101
010101
010101
010101
010101
010101
010101
010101
010101
010101
010101
010101
010101
010101
010101
010101
010101
020001
000000
C6C6C6
FFFFFF
FFFFFF
FFFFFF
FFFEFF
FFFEFF
FFFFFE
FFFFFF
F9F2F2
C47C7D
C00706
EF0807
F80302
FB0101
EB0909
C02828
501111
120000
000000
CFCFCF
FFFFFF
FFFFFF
4C4C4C
050404
030000
030000
020001
010101
010101
010101
010101
010101
010101
010101
000202
010103
010102
010101
010101
010101
010101
010101
010101
010101
010101
010101
010101
010101
010101
010101
010101
010101
010101
010101
010101
010101
010101
010101
010101
010101
010101
010101
010101
010101
000000
010101
000000
010101
010101
010101
010101
000000
FDFDFD
FFFFFF
FFFFFD
FFFFFD
FFFFFF
FFFFFF
FFFFFE
FFFBFA
FFFAF9
F5A09F
D60201
F70303
FC0202
FA0101
E81010
740606
1A0000
020000
A3A2A2
F7F7F7
FFFFFF
FFFFFF
131312
040000
070000
040000
030000
010001
000101
010101
010101
020100
010100
010101
010101
010101
010101
000201
010101
010101
010101
010101
010101
010101
010101
010101
010101
010101
010101
010101
010101
010101
010101
010101
010101
010101
010101
010101
010101
010101
010101
010101
010101
010101
010101
010101
010101
010101
010101
010101
010101
000000
F7F7F7
FFFFFF
FFFFFF
FFFFFD
FFFFFF
FFFFFF
FFFFFE
FFFFFE
DCC3C4
912727
CA0E0E
EC0707
F70404
ED0707
BF0706
DF9D9C
494949
000000
C3C3C3
FFFFFF
FFFFFF
3B3B3A
060303
220302
200000
2C0000
1D0000
130000
0A0000
060000
020001
020100
020100
010101
010101
010101
010101
000201
010101
010101
010101
010101
010101
010101
010101
010101
010101
010101
010101
010101
010101
010101
010101
010101
010101
010101
010101
010101
010101
010101
010101
010101
010101
010101
000000
010101
010101
010101
000201
000201
000000
DBDBDB
FEFEFE
FFFFFF
FFFFFF
FEFEFE
FFFFFF
FFFFFF
FFFFFF
FFFEFD
FBF4F3
F3E5E5
DA8F90
C10709
ED0808
D00606
DD8281
FFF5F3
F1F0EF
E9E9E9
FAFAFA
FFFFFF
FFFFFF
1C1D1D
0E0000
450000
972321
A51D1D
610000
460000
2C0000
0B0000
030000
020001
010101
010101
010101
010101
010101
000201
010101
010101
010101
010101
010101
010101
010101
010101
010101
010101
010101
010101
010101
010101
010101
010101
010101
010101
010101
010101
010101
010101
010101
010101
010101
010101
010101
010101
010101
010101
000201
000201
000000
F2F2F2
FFFFFF
FFFFFF
FFFFFF
FFFFFF
FFFFFF
FFFFFF
FEFEFE
FFFFFF
FFFEFE
FFF9FA
FEE9EA
ED7677
DE0000
B90D0D
D59999
FFFFFE
FFFFFE
FFFFFF
FFFFFF
FFFFFF
FFFFFF
1E1D1E
160000
640000
C91513
DA0F0F
CE1112
A81B1B
4C0000
210000
080000
030000
010101
010101
010101
000000
000000
000000
000000
010101
010101
010101
010101
010101
010101
010101
010101
010101
010101
010101
010101
010101
010101
010101
010101
010101
010101
010101
010101
010101
010101
010101
010101
010101
010101
010101
010101
020202
000000
000000
E2E2E2
FFFFFF
FFFFFF
FDFDFD
FDFDFD
FEFEFE
FFFFFF
FFFFFF
FFFFFF
FFFFFF
FFFEFE
FFF5F5
E09495
BF1111
DA0F0E
A91615
CFA0A0
FFFFFF
FFFEFE
FFFFFF
FFFFFF
FFFFFF
FFFEFF
F8F7F7
F8E0E1
C52323
EC0707
F30505
EE0707
DD0F0E
B51F20
6E2C2D
0C0000
050000
010101
010101
000000
696969
F7F7F7
F7F7F7
6A6A6A
000000
010101
010101
010101
010101
010101
010101
010101
010101
010101
010101
010101
010101
010101
010101
010101
010101
010101
010101
010101
010101
010101
010101
010101
010101
010101
010101
010101
010101
020202
070707
EAEAEA
FFFFFF
FEFEFE
040404
121212
F8F8F8
FFFFFF
FFFFFF
FFFFFF
FFFFFF
FFFCFD
FEECEC
E88284
CB0809
C60908
DE8685
FFFCFB
FFFAFA
FFFEFE
FFFFFF
FFFFFF
FEFEFE
FFFDFC
FFF7F8
FDD9D9
DA1B1B
FD0000
FE0000
FA0202
EF0707
BA1413
2E0000
0E0000
070202
090909
090909
080808
727272
FFFFFF
FFFFFF
6E6E6E
000000
010101
010101
010101
010101
010101
010101
010101
010101
010101
010101
010101
010101
010101
010101
010101
010101
010101
010101
010101
010101
010101
010101
010101
010101
010101
010101
010101
010101
000000
E2E2E2
FFFFFF
FFFFFF
EFEFEF
030303
000000
131314
FFFFFF
FFFFFF
FFFFFF
FFFFFF
FFFEFD
EA9C9C
CB0405
DC0E0C
B81614
D69594
FFFFFF
FFFEFD
FFFEFF
FFFFFF
FFFFFF
FFFFFF
FFFAFB
FFE5E5
B5302F
DE0C0C
FB0002
FD0000
F60403
E60C0C
AC1918
280C0C
000000
3F3D3D
FFFFFF
FFFFFF
FFFFFF
FFFFFF
FFFFFF
F7F7F7
676767
000000
010101
010101
010101
010101
010101
010101
010101
010101
010101
010101
010101
010101
010101
010101
010101
010101
010101
010101
010101
010101
010101
010101
010101
010101
010101
010101
020001
050000
000000
E1DCDC
FFFFFF
FFFFFF
030303
010005
020111
2E2C3B
FFFFFF
FFFDFF
FFFEFF
FFFFFF
FFFFFE
E6A1A1
BC0708
BC0B0B
D47E7F
FFFBFC
FFFCFC
FEFFFF
FFFFFF
FFFFFF
FFFFFF
FFFFFF
FFF8F7
FFDCDC
C92929
DB0E0E
E40808
DF0B0A
D40F0E
C51717
BD5152
E3DEE0
161616
4F4F4F
FFFFFF
FFFFFF
FFFFFF
FFFFFF
FFFFFF
787878
000000
010101
010101
010101
010101
010101
010101
010101
010101
010101
010101
010101
010101
010101
010101
010101
010101
010101
010101
010101
010101
010101
010101
010101
010101
010101
010101
020001
050000
100000
200404
E7D6D6
FFFEFF
E3E2E2
090708
00000E
100D3C
EEE2F8
E5D9F0
FFFDFF
FFFEFF
FFFFFF
FFFFFF
DFBABB
9D3738
9B3C3C
C59A9B
FFFFFF
FFFDFD
FFFFFF
FFFFFF
FFFFFF
FFFFFF
FFFFFF
FFF4F4
F8C1C1
CF2221
CA1615
C93030
B93939
AE3B3B
9F3A3A
FFF7F7
FFFAFC
FFFFFF
FFFFFF
FFFFFF
FFFFFF
FFFFFE
FFFFFD
F0F0F0
6B6B6B
000000
010101
010101
010101
010101
010101
010101
010101
010101
010101
010101
010101
010101
010101
010101
010101
010101
010101
010101
010101
010101
010101
010101
010101
010101
010101
010101
050000
0E0000
2A0000
882020
EDA7A7
F0CDCE
150000
060001
020022
0D0365
1C0987
342385
DED9EA
FFFDFF
FFFFFF
FFFEFE
FFFAFA
FFF9FA
FFFAFB
FFFCFD
FFFBFC
FFFEFE
FFFFFF
FFFFFF
FFFFFF
FFFEFE
FFFBFB
FFEEED
C72A2A
D40E0E
BB1B1B
FFDFDF
FFF0F0
FBEBEB
936262
FFFAFA
FFFBFC
FFFFFF
FFFFFF
FFFFFF
FFFFFF
FFFFFE
FFFFFF
80807F
000000
010101
010101
010101
010101
010101
010101
010101
010101
010101
010101
010101
010101
010101
010101
010101
010101
010101
010101
010101
010101
010101
010101
010101
010101
010101
010101
000101
080000
200000
570606
BF1413
CC0C0B
9E2020
2F0303
0E0001
00002E
230DA5
2206B9
29139F
64599B
FFFFFF
FFFFFF
FFFFFF
FFFCFD
FFFBFD
FFFCFD
FFFCFC
FFFEFE
FFFFFF
FFFFFF
FFFFFF
FFFFFF
FFFCFC
FFF5F6
EDC3C4
D82325
DE0C0C
AA1C1A
FCE1E0
FFF3F3
FFFBFB
FFFFFF
FFFBFB
FFFEFD
FFFFFF
FEFFFF
FEFFFF
FFFFFF
FFFFFF
FFFFFF
8A8A8A
000000
010101
010101
010101
010101
010101
010101
010101
010101
010101
010101
010101
010101
010101
010101
010101
010101
010101
010101
010101
010101
010101
010101
010101
010101
010101
010101
000101
0C0000
360000
9F1E1C
DD1010
DD0F0D
8F1F1F
260202
0B0001
3E3D5F
5C4CB0
543EC2
432DB2
FFFFFF
FEF9FF
FFFEFF
FEFEFE
FFF9FB
F3DCDB
EED4D4
FFFAFA
FFFBFB
FFFEFE
FFFFFF
FFFFFF
FFFFFF
FFFDFD
FFF3F4
9A3B3B
C81010
D21112
B25453
FDEEEE
FFFBFB
FFFFFF
FFFFFF
FFFFFF
FFFFFF
FFFFFF
FEFFFF
FEFFFF
FFFFFF
FFFFFF
E5E5E5
666666
000001
010101
010101
010101
010101
010101
010101
010101
010101
010101
010101
010101
010101
010101
010101
010101
010101
010101
010101
010101
010101
010101
010101
010101
010101
010101
010101
000200
0E0100
400000
A71717
D61313
CE1C1A
380000
090000
060203
FFFFFF
FFFFFF
F6EAFA
311B9E
CDBDE8
FFFEFF
FEFCFF
FFFDFE
FFF7F7
D38B8B
B04847
E1ACAC
EFD4D4
FFFEFE
FFFDFD
FFFDFD
FFFEFE
FFFCFC
FFF6F7
B87E7F
B21C1C
AC110F
FFECED
FFFDFD
FFFEFE
FFFFFF
FFFFFF
FFFFFF
FFFFFF
FFFFFF
FFFFFF
FFFFFF
FFFFFF
FFFFFF
919191
000000
010103
010102
010101
010101
010101
010101
010101
010101
010101
010101
010101
010101
010101
010101
010101
010101
010101
010101
010101
010101
010101
010101
010101
010101
010101
010101
010101
000100
100000
550F0F
A52223
BC1F1F
931918
260202
010101
000000
FDFDFD
FFFFFF
E7DDF7
1C049F
3119AC
C6C0DD
FEFAFF
FFFCFD
F8D2D3
DC5C5C
BC0D0C
940707
C48C8B
FFFFFF
FFF7F7
FFF3F3
FFF7F7
FFF7F7
FFF7F6
FFFFFF
C67F7E
B66968
FBEFEF
FFFFFF
FFFFFF
FFFFFF
FFFFFF
FFFFFF
FFFFFF
FFFFFF
FFFFFF
FFFFFF
FFFFFF
DFDFDF
626262
010000
000002
010101
010101
010101
010101
010101
010101
010101
010101
010101
010101
010101
010101
010101
010101
010101
010101
010101
010101
010101
010101
010101
010101
010101
010101
010101
010001
020000
0F0000
551B1B
711E1D
933232
3B0505
160000
040101
5F5F60
FEFDFE
FFFFFF
F5E9FF
2308AB
2106AC
3E2D89
FFFFFF
FFFAFE
EA9594
CE0000
DE0A0A
C43737
E2B8B8
FFFBFB
EAB7B7
DE8D8D
D59192
F5D7D8
FFF9F9
FFFBFA
FFFFFF
FFFFFF
FFFEFC
FFFFFE
FFFFFF
FFFFFF
FFFFFF
FFFFFF
FFFFFF
FFFFFF
FFFFFF
FFFFFF
FFFFFF
989797
000000
020001
010101
010101
010101
010101
010101
010101
010101
010101
010101
010101
010101
010101
010101
010101
010101
010101
010101
010101
010101
010101
010101
010101
010101
010101
010101
010101
010001
020000
080000
130000
1A0000
461E1E
230505
1A0000
0F0000
FFFFFF
FFFFFF
F9F7F9
857F91
130762
251978
9D94C1
FFFCFF
FFFAFF
F59C9C
DF0000
EF0000
EB3F3E
FBBFBE
FFF2F2
D25C5B
B60404
960C0C
E4B5B4
FFFBFB
FFFFFF
FFFFFF
FFFFFF
FFFFFE
FFFFFF
FFFFFF
FFFFFF
FFFFFF
FFFFFF
FFFFFF
FFFFFF
FFFFFF
FFFFFF
FFFFFF
A9A8A9
000000
010000
010101
010101
010101
010101
010101
010101
010101
010101
010101
010101
010101
010101
010101
010101
010101
010101
010101
010101
010101
010101
010101
010101
010101
010101
010101
010101
010101
010001
020000
050100
080100
020000
100000
2E0000
501716
FEE9E9
FFFEFF
FDF5F7
000000
00000A
292B37
FFFFFF
FFFBFF
EBD2D5
B84F4F
D20202
F40504
EB0000
E23C3A
E47C7C
E33030
DF0909
A50A0A
E5BABA
FFFDFC
FFFEFE
FFFFFF
FFFEFF
FFFCFF
FFFFFF
FDF9FF
FFFFFF
FFFFFF
868686
838383
909192
FFFFFF
FFFFFF
D7D7D7
535353
010000
010101
010101
010101
010101
010101
010101
010101
010101
010101
010101
010101
010101
010101
010101
010101
010101
010101
010101
010101
010101
010101
010101
010101
010101
010101
010101
010101
010101
010101
010101
010001
000101
000101
0F0000
440000
9E2A29
DB7575
CD7F7F
816B6B
000100
000000
1A1B19
FFFFFF
FFFEFD
EBD6D6
C18B8B
D05959
CE0302
F50603
E80202
D50303
E60406
DD0606
CD6464
F3E0E0
FFFDFE
FFFEFF
FFFEFF
FFFCFF
FDF3FF
9184BA
FFFBFF
FFFCFF
6D6D73
000000
050505
919192
FFFFFF
FFFFFF
B1B1B1
000000
010201
000100
010000
010101
010101
010101
010101
010101
010101
010101
010101
010101
010101
010101
010101
010101
010101
010101
010101
010101
010101
010101
010101
010101
010101
010101
010101
010101
010101
010101
010101
020101
020001
010000
160000
550000
BB1919
C60B0B
AA1918
130000
000000
151515
B5B5B5
FFFFFF
FFFFFF
FFFFFF
FFFFFF
F4DADA
DA5454
E80201
E80002
D40001
DB0909
C20908
EFBABA
FFFFFF
FCF8FF
FFFFFF
FFFFFF
FDF3FF
FFF9FF
251282
826FBB
7E6EA5
000003
000000
2B2B2B
FFFFFF
FFFFFF
D5D5D5
494949
010101
000201
000100
010000
010101
010101
010101
010101
010101
010101
010101
010101
010101
010101
010101
010101
010101
010101
010101
010101
010101
010101
010101
010101
010101
010101
010101
010101
010101
010101
010101
010101
000000
030000
040000
2A0000
9C0E0E
D41212
C31918
6D0C0C
1A0000
000101
0E0E0E
6D6D6C
616161
878888
FFFFFF
FFF6F8
EBBABB
CE3E3E
D50303
E45455
EAA7A7
BD4848
890706
DEB7B8
FFFFFF
FDF9FF
8D7EBD
715FB6
FDEAFF
7461B2
1C097D
1D0C78
050044
010013
000000
1A1A1A
FFFFFF
FFFFFF
C0C0C0
000000
010101
000201
000101
020202
010101
010101
010101
010101
010101
010101
010101
010101
010101
010101
010101
010101
010101
010101
010101
010101
010101
010101
010101
010101
010101
010101
010101
010101
010101
010101
010101
010101
000100
030000
0A0000
350000
C31515
D91010
A82524
2F0000
100000
010101
000000
000000
000000
272828
FFFFFF
FFF9F9
D48E8F
9B0202
B10808
DA9291
FFFFFF
E8CECF
D2A9A9
F3E5E5
FDF8FE
FFFFFF
45309E
190192
5840AC
AA99D0
B7A9D3
1C0F5D
01002B
040007
1C1514
B8B9B9
FFFFFF
D5D5D5
3D3D3D
010101
010101
010101
000201
010101
010101
010101
010101
010101
010101
010101
010101
010101
010101
010101
010101
010101
010101
010101
010101
010101
010101
010101
010101
010101
010101
010101
010101
010101
010101
010101
010101
010101
010101
050000
0F0000
682626
BA2224
BF1B1C
963231
240000
0B0000
010101
010101
000000
252525
C8C8C8
FFFEFF
FFFBFA
F3DDDC
E2BABA
A96262
B68C8C
FFFFFF
FFFFFF
FFFFFF
FFFDFD
FEFCFF
877CAD
322087
26127C
AB9DD2
FFFCFF
FFFFFF
CEC8DC
08000D
160000
3C1C1C
FFFFFF
FFFEFF
BFBCBC
000000
020001
010101
010101
010101
010101
010101
010101
010101
010101
010101
010101
010101
010101
010101
010101
010101
010101
010101
010101
010101
010101
010101
010101
010101
010101
010101
010101
010101
010101
010101
010101
010101
010101
010101
060000
120000
3A0D0E
5A090A
992E2F
420E0E
170000
090000
020202
010101
000000
292929
FFFFFF
FFFFFF
FFFEFE
FFFFFF
FFFFFF
EDE2E3
ECE2E2
FFFEFE
FFFFFF
FFFFFF
FFFEFE
FFFFFF
393463
07043F
08042D
F1ECF0
FFFFFF
FEFDFE
454443
110000
3D0303
802929
BA7272
FFFFFF
CDC3C3
000000
020001
010101
010101
010101
010101
010101
010101
010101
010101
010101
010101
010101
010101
010101
010101
010101
010101
010101
010101
010101
010101
010101
010101
010101
010101
010101
010101
010101
010101
010101
010101
010101
010101
020202
030100
0A0000
100000
1B0000
2D0A0A
110000
0A0000
050001
010101
000000
212221
D7D7D7
FFFFFF
FFFFFF
FFFFFF
FFFFFF
FFFDFE
FFFFFF
FFFFFF
FFFFFF
717171
BABBBB
FFFFFF
68686B
090915
000016
000000
E8E6E9
FFFFFF
FFFFFF
000000
180000
580303
B22324
BC1F1F
A74646
332424
000100
010101
010101
010101
010101
010101
010101
010101
010101
010101
010101
010101
010101
010101
010101
010101
010101
010101
010101
010101
010101
010101
010101
010101
010101
010101
010101
010101
010101
010101
010101
010101
010101
010101
010101
010101
020101
020101
030101
020000
020101
020101
010101
010101
000000
1F201F
FFFFFF
FFFFFF
FFFFFF
FFFFFF
FFFFFF
FFFFFF
FFFFFF
FEFEFE
FFFFFF
5F5F5F
171717
292929
080506
080000
050002
BFB8B7
FBF9FA
FFFDFE
352F2F
030101
230000
6F0101
CC1817
CE1716
951918
0D0000
000100
000201
000201
010101
010101
010101
010101
010101
010101
010101
010101
010101
010101
010101
010101
010101
010101
010101
010101
010101
010101
010101
010101
010101
010101
010101
010101
010101
010101
010101
010101
010101
000201
010302
010200
010101
010101
010103
010101
010101
010101
010101
010101
000000
1C1C1C
E5E5E5
FFFFFF
FFFFFF
FFFFFF
FFFFFE
FFFFFD
FFFFFE
FEFFFF
FFFFFF
7F7F7F
0C0C0C
000000
000000
060000
1A0000
290000
EECBCB
FFE8E8
FFF1F0
180303
0F0000
430101
C31414
D91210
AA1A19
410303
0F0000
000101
010101
010101
010101
010101
010101
010101
010101
010101
010101
010101
010101
010101
010101
010101
010101
010101
010101
010101
010101
010101
010101
010101
010101
010101
010101
010101
010101
010101
010101
010101
010101
000201
000100
010100
010101
010101
010103
010101
010101
010101
010101
010101
000000
1F1F1F
FFFFFF
FFFFFF
FFFFFF
FFFFFF
FFFFFE
FFFFFD
FFFFFE
FEFFFF
FFFFFF
6E6E6E
000000
020001
010001
0D0000
3B0000
8C1F1E
B23232
A93838
894A49
1E0202
180000
4C0000
CE1717
CF1615
8E2223
230000
0A0000
000101
010101
010101
010101
010101
010101
010101
010101
010101
010101
010101
010101
010101
010101
010101
010101
010101
010101
010101
010101
010101
010101
010101
010101
010101
010101
010101
010101
010101
010101
010101
010101
010101
010101
010101
010101
010101
010101
010101
010101
010101
010101
010101
000000
1E1E1E
FFFFFF
FFFFFF
FFFFFF
FFFEFF
FFFEFF
FFFFFF
FFFFFF
FFFFFF
818181
060606
020001
030001
040000
170000
560000
B91515
D01313
B91E1F
350404
100000
1C0202
7F3333
AE2422
AD2523
782B2A
180000
080000
000101
010101
010101
010100
010100
010101
010101
010101
010101
010101
010101
010101
010101
010101
010101
010101
010101
010101
010101
010101
010101
010101
010101
010101
010101
010101
010101
010101
010101
010101
010101
010101
010101
010101
010101
010101
010101
010101
010101
010101
010101
010101
000000
161616
F8F8F8
FFFFFF
FFFFFF
FFFFFF
FFFEFF
FFFEFF
FFFFFF
FFFFFF
FFFFFF
7A7A7A
000000
010000
030000
040000
260000
A21516
DA1111
D81011
B62121
2B0202
070000
150000
290202
480606
7E2E2C
210101
120000
050000
010101
010101
010101
010100
010100
010101
010101
010101
010101
010101
010101
010101
010101
010101
010101
010101
010101
010101
010101
010101
010101
010101
010101
010101
010101
010101
010101
010101
010101
010101
010101
010101
010101
010101
010101
010101
010101
010101
010101
010101
010101
010101
010101
202020
FFFFFF
FFFFFF
FFFFFF
FFFFFF
FFFFFF
FFFFFE
FFFFFD
FFFFFE
FBFBFB
767676
000000
000101
030100
060000
2A0000
AE1313
DC1011
C11E1E
4F0303
190000
020100
080000
0F0000
150000
140000
0D0000
060000
030000
010101
010101
010101
010101
010101
010101
010101
010101
010101
010101
010101
010101
010101
010101
010101
010101
010101
010101
010101
010101
010101
010101
010101
010101
010101
010101
010101
010101
010101
010101
010101
010101
010101
010101
010101
010101
010101
010101
010101
010101
010101
000000
0F0F0F
F2F2F2
F2F2F2
FFFFFF
FFFFFF
FFFFFF
FFFFFF
FFFFFE
FFFFFD
FFFFFF
868686
000000
010101
010101
030000
050000
200000
92191A
BB1F20
962B2C
2F0404
0E0000
010101
010101
010101
010101
010101
010101
010101
010101
010101
010101
010101
010101
010101
010101
010101
010101
010101
010101
010101
010101
010101
010101
010101
010101
010101
010101
010101
010101
010101
010101
010101
010101
010101
010101
010101
010101
010101
010101
010101
010101
010101
010101
010101
010101
010101
010101
010101
010101
010101
010101
010101
000000
171717
E9E9E9
FFFFFF
FFFFFF
FFFFFE
FFFFFF
FFFFFF
F5F5F5
7A7A7A
000000
010101
020001
020001
020000
0D0000
1F0000
6C2C2F
250606
0C0000
040000
000000
010101
000000
010101
020202
010103
010103
010101
010101
010101
010101
010101
010101
010101
010101
010101
010101
010101
010101
010101
010101
010101
010101
010101
010101
010101
010101
010101
010101
010101
010101
010101
010101
010101
010101
010101
010101
010101
010101
010101
010101
010101
010101
010101
010101
010101
010101
010101
010101
010101
010101
010101
030303
3B3B3B
FFFFFF
FFFFFF
F8F8F6
E9E9E8
FFFFFF
919191
000000
000000
010101
020001
020001
010101
020000
0B0000
0B0000
040000
000101
010101
010101
010101
010101
010101
010101
010103
010103
010101
010101
010101
010101
010101
010101
010101
010101
010101
010101
010101
010101
010101
010101
010101
010101
010101
010101
010101
010101
010101
010101
010101
010101
010101
010101
010101
010101
010101
010101
010101
010101
010101
010101
010101
010101
010101
010101
010101
010101
010101
010101
010101
000000
000000
222222
FFFFFF
FFFFFF
F5F5F5
8C8C8D
2F2F2F
D6D6D6
7C7C7C
000001
010102
000000
010102
010102
010101
020100
030000
040001
020001
010103
010101
010101
010101
010101
010101
010101
010101
010101
010101
010102
010103
010102
000201
000201
010101
010101
010101
010101
010101
010101
010101
010101
010101
010101
010101
010101
010101
010101
010101
010101
010101
010101
010101
010101
010101
010101
010101
010101
010101
010101
010101
010101
010101
010101
010101
010101
010101
010101
010101
010101
010101
010101
000000
191919
FFFFFF
FFFFFF
C4C4C4
000000
000000
000000
000000
010103
020203
010101
010102
010103
010102
010101
010101
010103
010103
010103
010101
010101
010101
010101
010101
010101
010101
010101
010101
010102
010103
010102
000201
000201
010101
010101
010101
010101
010101
010101
010101
010101
010101
010101
010101
010101
010101
010101
010101
010101
010101
010101
010101
010101
010101
010101
010101
010101
010101
010101
010101
010101
010101
010101
010101
010101
010101
010101
010101
010101
010101
010101
060606
565656
FFFFFF
F3F3F3
939393
000000
010101
010100
010100
010101
020001
020001
010102
010103
010103
010101
010101
010101
020001
020001
010101
010101
010101
010101
010101
010101
010101
010101
010101
010101
000201
000201
010101
010101
010101
010101
010101
010101
010101
010101
010101
010101
010101
010101
010101
010101
010101
010101
010101
010101
010101
010101
010101
010101
010101
010101
010101
010101
010101
010101
010101
010101
010101
010101
010101
010101
010101
010101
010101
010101
010101
000000
1A1A1A
FFFFFF
FFFFFF
D1D1D1
000000
010101
010101
010100
010100
010101
020001
020001
010102
010102
010102
010101
010101
010100
020002
020002
010101
010101
010101
010101
010101
010101
010101
010101
010101
010101
000201
000201
010101
010101
010101
010101
010101
010101
010101
010101
010101
010101
010101
010101
010101
010101
010101
010101
010101
010101
010101
010101
010101
010101
010101
010101
010101
010101
010101
010101
010101
010101
010101
010101
010101
010101
010101
010101
010101
010101
010101
000000
101010
ABABAB
ABABAB
888888
000000
010101
010101
010101
010101
010101
010101
010101
010101
010101
010101
010101
010101
010101
010103
010103
010101
010101
010101
010101
020001
020001
010101
010101
010101
010101
010101
010101
010101
010101
010100
010101
010101
010101
010101
010101
010101
010101
010101
010101
010101
010101
010101
010101
010101
010101
010101
010101
010101
010101
010101
010101
010101
010101
010101
010101
010101
010101
010101
010101
010101
010101
010101
010101
010101
010101
010101
010101
000000
000000
000000
000000
010101
010101
010101
010101
010101
010101
010101
010101
010101
010101
010101
010101
010101
010101
010102
010102
010101
010101
010101
010101
020001
020001
010101
010101
010101
010101
010101
010101
010101
010101
010100
010101
010101
010101
010101
010101
010101
010101
010101
010101
010101
010101
010101
010101
010101
010101
010101
010101
010101
010101
010101
010101
010101
010101
010101
010101
010101
010101
010101
010101
010101
010101
010101
010101
010101
020202
010101
010101
020202
020202
010101
010101
010101
010101
010101
010101
010101
010101
010101
010101
010101
010101
010101
010101
010101
010101
010101
010101
010101
010101
010101
010101
010101
010101
010101
010101
010101
010101
010101
010101
010101
010101
010101
010101
010101
010101
010101
010101
010101
010101
010101
010101
010101
010101
010101
010101
010101
010101
010101
010101
010101
010101
010101
010101
010101
010101
010101
010101
010101
010101
010101
010101
010101
010101
010101
010101
010101
010101
010101
010101
010101
010101
010101
010101
020202
010101
010101
010101
010101
010101
010101
010101
010101
010101
010101
010101
010101
010101
010101
010101
010101
010101
010101
010101
010101
010101
010101
010101
010102
010101
010101
010101
010101
010101
010101
010101
010101
010101
010101
010101
010101
010101
010101
010101
010101
010101
010101
010101
010101
010101
010101
010101
010101
010101
010101
010101
010101
010101
010101
010101
010101
010101
010101
010101
010101
010101
010101
010101
010101
010101
010101
020202
020202
010101
010101
010101
010101
010101
010101
010101
010101
010101
010101
010101
010101
010101
010101
010101
010101
010101
010101
010101
000201
000201
010101
010101
020001
020001
010101
010101
010103
010102
010101
010101
010101
010101
010101
010101
010101
010101
010101
010101
010101
010101
010101
010101
010101
010101
010101
010101
010101
010101
010101
010101
010101
010101
010101
010101
010101
010101
010101
010101
010101
010101
010101
010101
010101
010101
010101
010101
010101
010101
010101
010101
010101
010101
010101
010101
010101
010101
010101
010101
010101
010101
010101
010101
010101
010101
010101
010101
010101
010101
010101
010101
010101
010101
010101
010101
010101
010101
010101
010101
010102
010101
010101
010101
010101
010101
010101
010101
010101
010101
010101
010101
010101
010101
010101
010101
010101
010101
010101
010101
010101
010101
010101
010101
010101
010101
010101
010101
010101
010101
010101
010101
010101
010101
010101
010101
010101
010101
010101
010101
010101
010101
010101
010101
010101
010101
010101
010101
010101
010101
010101
010101
010101
010101
010101
010101
010101
010101
010101
010101
010101
010101
010101
010101
010101
010101
010101
010101
010101
010101
010101
010101
010101
010101
010101
010101
010101
010101
010101
010101
010101
010101
010101
010101
010101
010101
010101
010101
010101
010101
010101
010101
010101
010101
010101
010101
010101
010101
010101
010101
010101
010101
010101
010101
010101
010101
010101
010101
010101
010101
010101
010101
010101
010101
010101
010101
010101
010101
010101
010101
010101
010101
010101
010101
010101
010101
010101
010101
010101
010101
010101
010101
010101
010101
010101
010101
010101
010101
010101
010101
010101
010101
010101
010101
010101
010101
010101
010101
010101
010101
010101
010101
010101
010101
010101
010101
010101
010101
010101
010101
010101
010101
010101
010101
010101
010101
010101
010101
010101
010101
010101
010101
010101
010101
010101
010101
010101
010101
010101
010101
010101
010101
010101
010101
010101
010101
010101
010101
010101
010101
010101
010101
010101
010101
010101
010101
010101
010101
010101
010101
010101
010101
010101
010101
010101
010101
010101
010101
010101
010101
010101
010101
010101
010101
010101
010101
010101
010101
010101
010101
010101
010101
010101
010101
010101
010101
010101
010101
010101
010101
010101
010101
010101
010101
010101
010101
010101
010101
010101
010101
010101
010101
010101
010101
010101
010101
010101
010101
010101
010101
010101
010101
010101
010101
010101
010101
010101
010101
010101
010101
010101
010101
010101
010101
010101
010101
010101
010101
010101
010101
010101
010101
010101
010101
010101
010101
010101
010101
010101
010101
010101
010101
010101
010101
010101
010101
010101
010101
010101
010101
010101
010101
010101
010101
010101
010101
010101
010101
010101
010101
010101
010101
010101
010101
010101
010101
010101
010101
010101
010101
010101
010101
010101
010101
010101
010101
010101
010101
010101
010101
010101
010101
010101
010101
010101
010101
010101
010101
010101
010101
010101
010101
010101
010101
010101
010101
010101
010101
010101
010101
010101
010101
010101
010101
010101
010101
010101
010101
010101
010101
010101
010101
010101
010101
010101
010101
010101
010101
010101
010101
010101
010101
010101
010101
010101
010101
010101
010101
010101
010101
010101
010101
010101
010101
010101
010101
010101
010101
010101
010101
010101
010101
010101
010101
010101
010101
010101
010101
010101
010101
010101
010101
010101
010101
010101
010101
010101
010101
010101
010101
010101
010101
010101
010101
010101
010101
010101
010101
010101
010101
010101
010101
010101
010101
010101
010101
010101
010101
010101
010101
010101
010101
010101
010101
010101
010101
010101
010101
010101
010101
010101
010101
010101
010101
010101
010101
010101
010101
010101
010101
010101
010101
010101
010101
010101
010101
010101
010101
010101
010101
010101
010101
010101
010101
010101
010101
010101
010101
010101
010101
010101
010101
010101
010101
010101
010101
010101
010101
010101
010101
010101
010101
010101
010101
010101
010101
010101
010101
010101
010101
010101
010101
010101
010101
010101
010101
010101
010101
010101
010101
010101
010101
010101
010101
010101
010101
010101
010101
010101
010101
010101
010101
010101
010101
010101
010101
010101
010101
010101
010101
010101
010101
010101
010101
010101
010101
010101
010101
010101
010101
010101
010101
010101
010101
010101
010101
010101
010101
010101
010101
010101
010101
010101
010101
010101
010101
010101
010101
010101
010101
010101
010101
010101
010101
010101
010101
010101
010101
010101
010101
010101
010101
010101
010101
010101
010101
010101
010101
010101
010101
010101
010101
010101
010101
010101
010101
010101
010101
010101
010101
010101
010101
010101
010101
010101
010101
010101
010101
010101
010101
010101
010101
010101
010101
010101
010101
010101
010101
010101
010101
010101
010101
010101
010101
010101
010101
010101
010101
010101
010101
010101
010101
010101
010101
010101
010101
010101
010101
010101
010101
010101
010101
010101
010101
010101
010101
010101
010101
010101
010101
010101
010101
010101
010101
010101
010101
010101
010101
010101
010101
010101
010101
010101
010101
010101
010101
010101
010101
010101
010101
010101
010101
010101
010101
010101
010101
010101
010101
010101
010101
010101
010101
010101
010101
010101
010101
010101
010101
010101
010101
010101
010101
010101
010101
010101
010101
010101
010101
010101
010101
010101
010101
010101
010101
010101
010101
010101
010101
010101
010101
010101
010101
010101
010101
010101
010101
010101
010101
010101
010101
010101
010101
010101
010101
010101
010101
010101
010101
010101
010101
010101
010101
010101
010101
010101
010101
010101
010101
010101
010101
010101
010101
010101
010101
010101
010101
010101
010101
010101
010101
010101
010101
010101
010101
010101
010101
010101
010101
010101
010101
010101
010101
010101
010101
010101
010101
010101
010101
