010101
010101
010101
010101
010101
010101
010101
010101
010101
010101
010101
010101
010101
010101
010101
010101
010101
010101
010101
010101
010101
010101
010101
010101
010101
010101
010101
010101
010101
010101
010101
010101
010101
010101
010101
010101
010101
010101
010101
010101
010101
010101
010101
010101
010101
010101
010101
010101
010101
010101
010101
010101
010101
010101
010101
010101
010101
010101
010101
010101
010101
010101
010101
010101
010101
010101
010101
010101
010101
010101
010101
010101
010101
010101
010101
010101
010101
010101
010101
010101
010101
010101
010101
010101
010101
010101
010101
010101
010101
010101
010101
010101
010101
010101
010101
010101
010101
010101
010101
010101
010101
010101
010101
010101
010101
010101
010101
010101
010101
010101
010101
010101
010101
010101
010101
010101
010101
010101
010101
010101
010101
010101
010101
010101
010101
010101
010101
010101
010101
010101
010101
010101
010101
010101
010101
010101
010101
010101
010101
010101
010101
010101
010101
010101
010101
010101
010101
010101
010101
010101
010101
010101
010101
010101
010101
010101
010101
010101
010101
010101
010101
010101
010101
010101
010101
010101
010101
010101
010101
010101
010101
010101
010101
010101
010101
010101
010101
010101
010101
010101
010101
010101
010101
010101
010101
010101
010101
010101
010101
010101
010101
010101
010101
010101
010101
010101
010101
010101
010101
010101
010101
010101
010101
010101
010101
010101
010101
010101
010101
010101
010101
010101
010101
010101
010101
010101
010101
010101
010101
010101
010101
010101
010101
010101
010101
010101
010101
010101
010101
010101
010101
010101
010101
010101
010101
010101
010101
010101
010101
010101
010101
010101
010101
010101
010101
010101
010101
010101
010101
010101
010101
010101
010101
010101
010101
010101
010101
010101
010101
010101
010101
010101
010101
010101
010101
010101
010101
010101
010101
010101
010101
010101
010101
010101
010101
010101
010101
010101
010101
010101
010101
010101
010101
010101
010101
010101
010101
010101
010101
010101
010101
010101
010101
010101
010101
010101
010101
010101
010101
010101
010101
010101
010101
010101
010101
010101
010101
010101
010101
010101
010101
010101
010101
010101
010101
010101
010101
010101
010101
010101
010101
010101
010101
010101
010101
010101
010101
010101
010101
010101
010101
010101
010101
010101
010101
010101
010101
010101
010101
010101
010101
010101
010101
010101
010101
010101
010101
010101
010101
010101
010101
010101
010101
010101
010101
010101
010101
010101
010101
010101
010101
010101
010101
010101
010101
010101
010101
010101
010101
010101
010101
010101
010101
010101
010101
010101
010101
010101
010101
010101
010101
010101
010101
010101
010101
010101
010101
010101
010101
010101
010101
010101
010101
010101
010101
010101
010101
010101
010101
010101
010101
010101
010101
010101
010101
010101
010101
010101
010101
010101
010101
010101
010101
010101
010101
010101
010101
010101
010101
010101
010101
010101
010101
010101
010101
010101
010101
010101
010101
010101
010101
010101
010101
010101
010101
010101
010101
010101
010101
010101
010101
010101
010101
010101
010101
010101
010101
010101
010101
010101
010101
010101
010101
010101
010101
010101
010101
010101
010101
010101
010101
010101
010101
010101
010101
000000
000000
000000
010101
010101
010101
010101
010101
010101
010101
010101
010101
010101
010101
010101
010101
010101
010101
010101
010101
010101
010101
010101
010101
010101
010101
010101
010101
010101
010101
010101
010101
010101
010101
010101
010101
010101
010101
010101
010101
010101
010101
010101
010101
010101
010101
010101
010101
010101
010101
010101
010101
010101
010101
010101
010101
010101
010101
010101
010101
010101
010101
010101
010101
010101
010101
010101
010101
010101
010101
010101
000000
161616
4A4A4A
222222
000000
010101
010101
010101
010101
010101
010101
010101
010101
010101
010101
010101
010101
010101
010101
010101
010101
010101
010101
010101
010101
010101
010101
010101
010101
010101
010101
010101
010101
010101
010101
010101
010101
010101
010101
010101
010101
010101
010101
010101
010101
010101
010101
010101
010101
010101
010101
010101
010101
010101
010101
010101
010101
010101
010101
010101
010101
010101
010101
010101
010101
010101
010101
010101
010101
010101
010101
010101
202020
A4A4A4
FFFFFF
B7B7B7
222222
000000
010101
010101
000000
010101
010101
010101
010101
010101
010101
010101
010101
010101
010101
010101
010101
010101
010101
010101
010101
010101
010101
010101
010101
010101
010101
010101
010101
010101
010101
010101
010101
010101
010101
010101
010101
010101
010101
010101
010101
010101
010101
010101
010101
010101
010101
010101
010101
010101
010101
010101
010101
010101
010101
010101
010101
010101
010101
010101
010101
010101
010101
010101
010101
010101
010101
000000
3B3B3B
D4D4D4
FFFFFF
FFFFFF
B5B5B5
212121
000000
010101
010101
010101
010101
010101
010101
010101
010101
010101
010101
010101
010101
010101
010101
010101
010101
010101
010101
010101
010101
010101
010101
010101
010101
010101
010101
010101
010101
010101
010101
010101
010101
010101
010101
010101
010101
010101
010101
010101
010101
010101
010101
010101
010101
010101
010101
010101
010101
010101
010101
010101
010101
010101
010101
010101
010101
010101
010101
010101
010101
010101
010101
010101
010101
010101
000000
2D2D2D
C1C1C1
FFFFFF
FFFFFF
B3B3B3
202020
000000
010101
010101
000000
010101
010101
010101
010101
010101
010101
010101
010101
010101
010101
010101
010101
010101
010101
010101
010101
010101
010101
010101
010101
010101
010101
010101
010101
010101
010101
010101
010101
010101
010101
010101
010101
010101
010101
010101
010101
010101
010101
010101
010101
010101
010101
010101
010101
010101
010101
010101
010101
010101
010101
010101
010101
010101
010101
010101
010101
010101
010101
010101
010101
010101
010101
000000
5A5A5A
FFFFFF
FFFFFF
FFFFFF
B3B3B3
1D1D1D
000000
010101
010101
000000
000000
010101
010101
010101
010101
010101
010101
010101
010101
010101
010101
010101
010101
010101
010101
010101
010101
010101
010101
010101
010101
010101
010101
010101
010101
010101
010101
010101
010101
010101
010101
010101
010101
010101
010101
010101
010101
010101
010101
010101
010101
010101
010101
010101
010101
010101
010101
010101
010101
010101
010101
010101
010101
010101
010101
010101
010101
010101
010101
010101
000000
282828
BABABA
FFFFFF
FEFEFE
FFFFFF
FFFFFF
B4B4B4
1A1A1A
000000
010101
010101
010101
010101
010101
010101
010101
010101
010101
010101
010101
010101
010101
010101
010101
010101
010101
010101
010101
010101
010101
010101
010101
010101
010101
010101
010101
010101
010101
010101
010101
010101
010101
010101
010101
010101
010101
010101
010101
010101
010101
010101
010101
010101
010101
010101
010101
010101
010101
010101
010101
010101
010101
010101
010101
010101
010101
010101
010101
000101
000101
000000
373737
CCCCCC
FFFFFF
FFFFFF
FFFFFF
FFFFFF
FFFFFF
FFFFFF
B6B6B6
161616
000000
000000
010101
010101
010101
010101
010101
010101
010101
010101
010101
010101
010101
010101
010101
010101
010101
010101
010101
010101
010101
010101
010101
010101
010101
010101
010101
010101
010101
010101
010101
010101
010101
010101
010101
010101
010101
010101
010101
010101
010101
010101
010101
010101
010101
010101
010101
010101
010101
010101
010101
010101
010101
010101
010101
010101
010101
020001
040000
070000
070000
050000
242525
AEACAC
FFFFFF
FFFFFF
FFFFFF
FFFFFF
FFFFFF
FFFFFF
FFFFFF
B9B9B9
121212
000000
010101
000000
010101
010101
010101
010101
010101
010101
010101
010101
010101
010101
010101
010101
010101
010101
010101
010101
010101
010101
010101
010101
010101
010101
010101
010101
010101
010101
010101
010101
010101
010101
010101
010101
010101
010101
010101
010101
010101
010101
010101
010101
010101
010101
000000
020202
010101
020001
020001
010101
010101
010101
010101
010101
010001
040000
100000
270000
1E0000
100000
050000
121212
939393
FFFFFF
FFFFFF
FFFFFF
FFFFFF
FFFFFF
FFFFFF
FFFFFF
BEBEBE
0C0D0C
000000
010101
010101
010101
010101
010101
010101
010101
010100
010100
010101
010101
010101
010101
010101
010101
010101
010101
010101
010101
010101
010101
010101
010101
010101
010101
010101
010101
010101
010101
010101
010101
010101
010101
010101
010101
010101
010101
010101
010101
010101
010101
010101
010101
010101
010101
000000
010000
020001
010101
010101
010101
010101
010001
060000
100000
300000
570405
852122
5B1818
0A0000
3F3635
CFCFCF
FFFFFF
FEFEFE
FFFFFF
FFFFFF
FFFFFF
FFFFFF
FFFFFF
FFFFFF
C3C4C4
070707
000000
010101
010101
010101
000000
010101
010101
010100
010100
010101
010101
010101
010101
010101
010101
010101
010101
010101
010101
010101
010101
010101
010101
010101
010101
010101
010101
010101
010101
010101
010101
010101
010101
010101
010101
010101
010101
010101
010101
010101
010101
010101
010101
010101
010101
010101
010101
010101
010103
010103
010101
020001
050000
120000
320000
5E0201
BC1412
D41716
B61212
A35050
E4E2E3
FFFFFF
FFFEFE
FFFFFF
FFFFFF
FFFFFF
FFFFFF
FFFFFF
FEFEFE
FFFFFF
FFFFFF
CACACA
030304
000000
010101
010101
010101
010101
010101
010101
010101
010101
010101
010101
010101
010101
010101
010101
010101
010101
010101
010101
010101
010101
010101
010101
010101
010101
010101
010101
010101
010101
010101
010101
010101
010101
010101
010101
010101
010101
010101
010101
010101
010101
010101
010101
010101
010101
000000
010101
010103
010103
010101
040000
090000
290101
530101
B41718
EC0A08
F80301
EB0607
C42323
D09B9B
FFFFFF
FFFDFD
FFFFFF
FFFFFF
FFFFFF
FFFFFF
FFFFFF
FFFFFF
FFFFFF
FFFFFF
FFFFFF
D2D2D2
000000
000000
010101
010101
010101
010101
010101
010101
010101
010101
010101
010101
010101
010101
010101
010101
010101
010101
010101
010101
010101
010101
010101
010101
010101
010101
010101
010101
010101
010101
010101
010101
010101
010101
010101
010101
010101
010101
010101
010101
010101
010101
010101
010101
010101
010101
010101
000000
000000
010101
040000
0D0000
360303
AB1F20
DA1011
F40403
FF0000
F80204
D30F0E
9E2322
C19493
FFFFFF
FFFFFF
FFFFFF
FFFFFF
FEFEFE
FFFFFF
FFFFFF
FFFFFF
FFFFFF
FFFFFF
FFFFFF
D9D9D9
000000
000101
000101
010101
010101
010101
010101
010101
010101
010101
010101
010101
010101
010101
010101
010101
010101
010101
010101
010101
010101
010101
010101
010101
010101
010101
010101
010101
010101
010101
010101
010101
010101
010101
010101
010101
010101
010101
010101
010101
010101
000000
010101
010101
010101
000000
CCCCCC
E0E0E0
000000
040000
0B0000
370000
7E0708
D81516
ED0707
F90201
F60403
D20606
C75959
F5E9E8
FFFCFC
FFFFFF
FFFFFF
FFFFFF
FFFFFF
FFFFFF
FFFFFF
4F4F4F
1F1F1F
ECECEC
FFFFFF
FFFFFF
DFDEDE
050000
0C0000
040000
010101
010101
010101
010101
010101
010101
010101
010101
010101
010101
010101
010101
010101
010101
010101
010101
010101
010101
010101
010101
010101
010101
010101
010101
010101
010101
010101
010101
010101
010101
010101
010101
010101
010101
010101
010101
000201
000201
010101
010101
000000
D2D2D2
FFFFFF
FFFFFF
E8E8E8
000000
050000
160000
3D0000
700000
D41111
ED0908
E80100
E24F4F
FDEAEA
FFF7F7
FFFDFD
FFFFFF
FFFFFF
FFFFFF
FFFFFF
FFFFFF
4F4F4F
020202
000000
131313
F1F1F1
FFFFFF
FFFDFC
E6CECD
200000
0B0000
000101
010101
010101
000201
000201
010101
010101
010101
010101
010101
010101
010101
010101
010101
010101
010101
010101
010101
010101
010101
010101
010101
010101
010101
010101
010101
010101
010101
010101
010101
010101
010101
010101
010101
010101
010101
000201
000100
010101
020202
010101
0F0F0F
EDEDED
FFFFFF
FFFFFF
E9E9E9
000000
040000
281818
F6E1E1
F0A1A1
C70A09
DE0D0E
BE1515
C77C7B
FFFEFD
FFFAF9
FFFEFD
FFFFFF
FFFFFF
FFFFFF
FFFFFF
3C3A3D
000000
010007
000002
0D0D0D
F4EFEF
FFE6E5
9D3939
8B2726
230000
100000
050000
000101
000201
000201
010101
010101
010101
010101
010101
010101
010101
010101
010101
010101
010101
010101
010101
010101
010101
010101
010101
010101
010101
010101
010101
010101
010101
010101
010101
010101
010101
010101
010101
010101
010101
010101
010101
010101
010101
010101
000000
070707
EEEEEE
FFFFFF
FFFFFF
E7E7E7
141213
F8F8F8
FFF7F8
FFE4E5
EEA3A4
C40B0B
D11212
B61414
CD7C7B
FFFDFC
FFFAFA
FFFEFF
FEFFFE
FFFEFF
FFFEFF
F9F9F9
323043
000013
01000A
090000
2B0707
943031
C11919
C71919
9A2121
300000
0E0000
000101
010101
010101
010101
010101
010101
010101
010101
010101
010101
010101
010101
010101
010101
010101
010101
010101
010101
010101
010101
010101
010101
010101
010101
010101
010101
010101
010101
010101
010101
010101
010101
010101
010101
010101
010101
020001
040000
090000
090000
050000
020202
EFEFEF
FFFFFF
FFFFFF
FDFDFD
FFFFFF
FFFEFF
FFF8F9
FFE4E6
EC9D9C
C1100F
CF1313
AC1717
C58786
FDFCFC
FFFDFE
FFFFFF
FFFEFF
FDF6FF
FAF8FD
53458A
030144
000019
0C0001
2F0000
570000
BF1717
D31413
C31B1B
942223
1F0101
080000
030000
010101
010101
010101
010101
010101
010101
010101
010101
010101
010101
010101
010101
010101
010101
010101
010101
010101
010101
010101
010101
010101
010101
010101
010101
010101
010101
010101
010101
010101
010101
010101
010101
010101
020001
040000
0D0000
230000
220303
0C0000
020101
000000
FDFDFD
FFFFFF
FFFFFF
FFFFFF
FFFFFF
FFFEFF
FFF6F6
FFE9EA
EB9D9D
C31211
C61717
9E1818
C99394
FFFFFF
FFFFFE
FEFBFF
FFFEFF
5A46A6
2208A8
2812A4
131041
050001
100000
320000
590101
B21D1D
CD1614
BA1F1E
792A2B
130000
070000
000101
010101
010101
010101
010101
010101
010101
010101
010101
010101
010101
010101
010101
010101
010101
010101
010101
010101
010101
010101
010101
010101
010101
010101
010101
010101
010101
010101
010101
010101
010101
010101
010001
060000
120000
2E0000
4D0202
902E2E
3C0808
160000
1E1717
FDFDFD
FFFFFF
FFFFFF
FFFFFF
FFFFFF
FFFFFF
FFFEFF
FFF7F8
FFE7E9
E59798
AD1D1C
9D2323
D09E9F
FFFFFF
FFFFFF
FFFDFF
FFFFFF
6B58B0
260CAB
2D17A7
F6EDFF
302E2E
010000
110000
340000
560101
B21D1B
AD2423
6D2726
130000
070000
000101
010101
010101
010101
010101
010101
010101
010101
010101
010101
010101
010101
010101
010101
010101
010101
010101
010101
010101
010101
010101
010101
010101
010101
010101
010101
010101
010101
010101
010101
010101
010001
040000
100000
310000
590303
BA1616
CD1616
B52524
4B0404
FFFAF9
FFFEFC
FFFFFF
FFFFFF
FFFFFF
FFFFFF
FEFEFE
FFFFFF
FFFEFE
FFF5F5
FFF1F1
C99F9F
BE9393
FFFFFF
FFFDFE
FFFFFF
FFFFFF
FFFBFF
FFFFFF
483990
E2D3EC
FFFEFF
FFFFFF
2F2D2E
030000
110000
2C0000
440303
6D2B2A
0F0000
080000
030000
010101
010101
010101
010101
010102
000103
010102
010101
010101
010101
010101
010101
010101
010101
010101
010101
010101
010101
010101
010101
010101
010101
010101
010101
010101
010101
010101
010101
010101
010101
010101
050000
110000
2F0000
5D0303
B81616
E50D0B
ED0806
D71011
B62120
EFC6C5
FFF8F7
FFFCFA
FFFFFF
FFFFFF
FFFFFF
FFFFFF
FFFFFF
FFFEFF
FFFEFF
FFF9FA
FFF8F9
FFFBFC
FFF9F9
FFFDFC
FFFCFC
FFFEFF
FFFCFF
E5E2F1
402F96
B9A9DD
FFFCFF
FFFFFF
FFFFFF
333030
010000
0C0000
1F0000
110000
060000
010101
010101
010101
010101
010101
010101
010102
000103
010102
010101
010101
010101
010101
010101
010101
010101
010101
010101
010101
010101
010101
010101
010101
010101
010101
010101
010101
010101
010101
010101
010101
010101
000101
070000
230000
550707
BA1515
EB0B0B
F80303
F70302
ED0607
D71112
AD1716
EDC0BF
FFFBFA
FFFDFE
FFFFFF
FFFFFF
FFFFFF
FFFFFF
FEFFFF
FFFFFF
FFFEFF
FFFBFB
FFF6F6
F0DCDC
F4E6E6
FFFDFD
FFFCFF
FFFFFF
4E38A0
1F04AE
1700A0
B5AECB
FFFFFF
FFFFFE
FFFFFF
393334
080000
0B0000
060000
030000
010101
010101
010102
010103
010102
010101
010101
010101
010101
010101
010101
010101
010101
010101
010101
010101
010101
010101
010101
010101
010101
010101
010101
010101
010101
010101
010101
010101
000000
000000
010101
010101
000101
060000
140000
6A1A1A
C7191A
F10606
FC0200
F90302
EF0807
DE0708
D31212
B01918
EBBFBE
FFFCFA
FFFCFD
FFFFFF
FFFFFF
FFFFFF
FEFFFF
FFFFFF
FFFCFC
FFF1F0
F8D5D5
B0595A
B86D6D
F9EBEA
FFFBFF
FFFAFF
8374BB
29129C
200F8C
00001B
AFAEAF
FFFBFB
FFEBE9
F7BEC1
420808
150000
080000
030000
010101
010102
010102
010103
010102
010101
010101
010101
010101
010101
010101
010101
010101
010101
010101
010101
010101
010101
010101
010101
010101
010101
010101
010101
010101
010101
010101
000000
1A1A1A
2C2C2C
000000
010101
000000
000000
030000
220000
820607
D10606
F00606
EF0706
D50707
E34040
D90909
D31211
AF1B1B
E7B9B9
FFFFFF
FFFEFD
FFFFFF
FFFFFF
FFFFFF
FFFFFF
FFF8F8
F1CCCB
CB5050
C10A0A
B70909
CB7170
F8ECEE
FFF7FF
FFFFFF
8A81AA
020131
000011
000000
B69899
E3A7A7
B91110
BE1D1D
4C0B0A
150000
090000
010101
010103
010102
010101
010101
020001
020001
010101
010101
010101
010101
010101
010101
010101
010101
010101
010101
010101
010101
010101
010101
010101
010101
010101
010101
010101
010101
1C1C1C
A6A6A6
CECECE
262626
000000
2C2C2C
555555
151414
000000
6A3939
C75E5E
C71B1B
BF0B0A
CD5656
FFD3D3
DD5958
C2100F
CB1414
B21E1E
E4BABA
FFFFFF
FFFCFC
FFFFFF
FFFFFF
FFFFFF
FFFFFF
E0B3B2
B62C2C
CF0C0B
E00F0E
B50809
C87474
F5E6E8
FEFBFF
FFFFFF
73727E
000002
060000
0E0000
711111
D01715
DA0F10
B62020
550909
160000
060000
020001
010101
010101
010101
020001
020001
010101
010101
010101
010101
010101
010101
010101
010101
010101
010101
010101
010101
010101
010101
010101
010101
010101
010101
010101
000000
606060
FFFFFF
FFFFFF
BDBDBD
606060
C6C6C6
FFFFFF
9B9B9B
5F6161
E4E1E1
FFFFFF
CD8283
BF6A6A
FEF1F0
FFECED
FFE6E6
CB6564
C70B0B
CA1413
9F2728
D0B0B0
FFFDFC
FFFCFC
FFF8F7
FFFFFF
FFFFFF
FFF9F8
E9B4B2
D23030
EB0505
E00F0F
9E0102
DEB1B1
FFFFFF
FFFEFF
FFFFFF
838384
0A0A0A
090000
310000
9F1010
DA1413
DA1011
B61F20
451415
0A0000
030000
000101
000201
000201
010101
010101
010101
010101
010101
010101
010101
010101
010101
010101
010101
010101
010101
010101
010101
010101
010101
010101
010101
010101
010101
000000
313131
C1C1C1
FFFFFF
FFFFFF
FFFFFF
FFFFFF
FFFFFF
FFFFFF
FFFFFF
FFFFFF
FFFCFC
FFF9F9
FFFEFE
FFFBFC
FFFDFD
FFEFEF
FFE5E5
D46666
A21616
8F2A2B
BA9091
FFFBFC
FFF1F1
F9CDCC
D58A8B
E7BCBD
FFF5F5
F8BBBB
EA3C3D
EB0304
C80808
BC5151
EED7D6
FFFFFE
FFFFFF
FFFFFF
B1B1B1
0F0E0F
020000
160000
420000
921110
C71E1E
AD2525
4B1E1F
050000
030000
000100
000201
000201
010101
010101
010101
010101
010101
010101
010101
010101
010101
010101
010101
010101
010101
010101
010101
010101
010101
010101
010101
010101
010101
010101
000000
282828
C1C1C1
FFFFFF
FEFEFE
FFFFFF
FFFFFF
FFFFFF
FFFFFF
FFFFFF
FFFEFF
FFFDFD
FFFDFC
FFFEFE
FFFEFE
FFFDFC
FFF1F1
FFE8E7
BD8585
C49EA0
FFFFFF
FFF8F8
F3CECE
C34E4E
AD0304
C5393B
E98282
DF3A3B
E40000
E70405
D05355
F3DCDC
FFFFFE
FFFEFC
FFFFFF
8B8B8B
000000
000000
010001
050000
0F0000
2C0000
741617
5F1414
0C0000
010000
010101
010101
010101
010101
020001
010101
000201
010101
010101
010101
010101
010101
010101
010101
010101
010101
010101
010101
010101
010101
010101
010101
010101
010101
010101
010101
010101
000000
2A2A2A
C2C2C2
FFFFFF
FFFFFF
FFFFFF
FFFFFF
FFFFFF
FEFFFE
FEFFFF
FFFFFF
FFFFFF
FFFFFF
FFFFFF
FFFFFE
FFFEFD
FFF5F4
FFFEFF
FFFFFF
FFFAFA
FFFAFB
F3D2D2
C25353
BB0A0B
DB0B0B
E00000
E80303
F60404
ED0201
DC4F4F
F8D6D5
FFFCFB
FFFDFD
FFFFFF
8B8B8B
000000
000000
010101
000101
020001
0D0000
200000
190000
090000
000101
010101
010100
010101
010101
010100
010100
010101
010101
010101
010101
010101
010101
010101
010101
010101
010101
010101
010101
010101
010101
010101
010101
010101
010101
010101
010101
010101
010101
000000
2C2C2C
C3C3C3
FFFFFF
FFFFFF
FFFFFF
FFFFFF
FEFFFF
FFFFFF
FFFFFF
FFFFFF
FFFFFF
FFFFFF
FFFFFF
FFFFFE
FFFEFE
FFFEFE
FFFEFE
FFFFFE
FFFDFC
FFF3F3
F8D2D3
D15757
D50000
EB0A0A
E20405
E30000
E40604
C50909
BA4F4D
EDD6D5
FFFEFF
FFFFFF
FFFFFF
A2A2A2
000000
000000
010101
010101
040101
060101
050101
030101
010101
010100
010100
010101
010101
010100
010100
010101
010101
010101
010101
010101
010101
010101
010101
010101
010101
010101
010101
010101
010101
010101
010101
010101
010101
010101
010101
010101
010101
010101
000000
2C2C2C
C6C6C6
FFFFFF
FEFEFE
FFFFFF
FFFFFF
FFFFFF
FFFFFF
FFFFFF
FFFFFF
FFFFFF
FFFFFF
FFFFFF
FFFFFF
FFFFFF
FFFFFF
FFFFFF
FFFFFE
FFFBFA
FFF2F2
FACECE
D05858
A00404
C65052
EF9B9B
CA4341
B11515
910909
DDB3B3
FFFFFF
FEFFFF
FEFFFF
FFFFFF
A8A8A8
000000
000000
010101
010101
000101
000101
010101
010101
010101
010101
010101
010101
010101
010101
010101
010101
010101
010101
010101
010101
010101
010101
010101
010101
010101
010101
010101
010101
010101
010101
010101
010101
010101
010101
010101
010101
010101
010101
000000
2B2B2B
CACACA
FFFFFF
FFFFFF
FFFEFF
FFFEFF
FFFFFF
FEFEFE
FFFFFF
FFFFFF
FFFFFF
FFFEFF
FDF8FF
FFFFFF
FFFDFF
FFFDFF
FFFDFF
FFFFFF
FFFFFF
FFF0F6
F4CED1
D5A3A3
EBD3D4
FFFCFC
EDCCCD
A54243
BD6F6E
F5E5E5
FFFEFE
FEFFFF
FEFFFF
FFFFFF
FFFFFF
B1B1B1
000000
010101
010101
010101
010101
010101
010101
010101
010101
010101
010101
010101
010101
010101
010101
010101
010101
010101
010101
010101
010101
010101
010101
010101
010101
010101
010101
010101
010101
010101
010101
010101
010101
010101
010101
010101
010101
010101
000000
292929
CFCFCF
FFFFFF
FFFFFF
FFFFFF
FFFFFF
FFFFFF
FFFFFF
535354
FFFFFF
FDF6FF
FEEFFF
7162AC
FFFFFF
FFFBFF
E9D9F5
5544A4
9789C2
FFFFFF
FFF5FA
FFFFFF
FFFDFE
FFF9F9
FFFEFD
E9CFD0
F5E2E2
FFFCFD
FFFEFF
FEFFFF
FEFFFF
FFFFFF
FFFFFF
FFFFFF
B8B8B8
000000
010101
010101
010101
010101
010101
010100
010100
010101
010102
000102
000102
010101
010101
010101
010101
010101
010101
010101
010101
010101
010101
010101
010101
010101
010101
010101
010101
010101
010101
010101
010101
010101
010101
010101
010101
000000
010101
000000
262626
D3D3D3
FFFFFF
FFFFFF
FFFFFF
FFFFFF
4F4F4F
000000
3F3C42
FFF9FF
5641B1
230D96
73689E
EADBF9
462EB2
1B029E
2A1987
9991BC
FFFFFF
FFFFFE
FFFEFE
FFFFFF
FFFFFF
FFFFFF
FFFFFF
FFFEFE
FFFFFF
FEFFFF
FEFFFF
FFFFFF
FFFFFF
FFFFFF
FFFFFF
BCBCBC
000000
000000
010101
010101
010101
010100
010100
010101
010102
010103
000102
010101
010101
010101
010101
010101
010101
010101
010101
010101
010101
010101
010101
010101
010101
010101
010101
010101
010101
010101
010101
020202
010101
000000
010101
020202
010101
010101
000000
222222
D9D9D8
FFFFFF
FFFEFF
FFFFFF
030303
000001
000004
352F60
240DA2
230DA4
362875
E1D1F6
0D009A
2C14A6
1E106B
120F2B
86868D
FFFFFF
FFFFFF
8D8D8D
A3A3A3
FFFFFF
FFFFFF
FFFFFF
FFFFFF
FFFFFF
FFFFFF
FFFFFF
FFFFFF
FFFFFF
FFFFFF
FFFFFF
BFBFBF
000000
000201
010101
010101
010101
010101
020001
010101
010101
010101
010101
010101
010101
010101
010101
010101
010101
010101
010101
010101
010101
010101
010101
010101
010101
010101
010101
010101
010101
010101
010101
010101
010101
010101
010101
010101
010101
000000
000000
1D1D1D
DEDEDC
FFFFFF
FFFEFF
DADADA
020203
000007
000027
0B0373
3A289C
E2DFEB
FBF1FE
B19CDC
0D006E
050332
00000F
0C0C0D
989898
AFAFAF
0D0D0D
121212
B6B6B6
FFFFFF
FFFFFF
FFFFFF
FFFFFF
FFFFFF
FFFFFF
FFFFFF
FFFFFF
FFFFFF
FFFFFF
FFFFFF
C3C4C4
000000
010101
010101
010101
010101
020001
020001
010101
010101
010101
010101
010101
010101
010101
010101
010101
010101
010101
010101
010101
010101
010101
010101
010101
010101
010101
010101
010101
010101
010101
000000
010101
010101
010101
010101
020202
010101
010101
000000
181818
E4E4E4
FFFFFF
FFFFFF
E2E2E2
000001
000010
000027
1D1A43
FFFFFF
FFFCFF
FDFAFE
AAA4B8
000000
010008
000001
0E0E0E
111111
000000
000000
121212
BBBCBC
FFFFFF
FFFFFF
FFFFFF
FFFFFF
FFFFFF
FFFFFF
FFFFFF
FFFFFF
FFFFFD
FFFFFF
F5F6F6
000000
010101
010101
010101
010101
010101
010101
010101
010101
010101
010101
010101
010101
010101
010101
010101
010101
010101
010101
010101
010101
010101
010101
010101
010101
010101
010101
010101
010101
010101
010101
010101
020202
010101
010101
000000
010101
010101
010101
000000
121212
E8E8E8
FFFFFF
FFFFFE
E7E0E0
140102
0C0002
040203
343434
FFFFFF
FFFFFF
FCFCFB
A8A2A0
000000
080000
020000
000000
010101
010101
000000
0E0E0E
C1C1C1
FFFFFF
FFFFFF
FFFFFF
FFFFFF
FFFFFF
FFFFFF
FFFFFF
FFFFFD
F7F7F6
141515
000201
000000
010101
010101
010101
010101
010101
010101
010101
010101
010101
010101
010101
010101
010101
010101
010101
010101
010101
010101
010101
010101
010101
010101
010101
010101
010101
010101
010101
010101
010101
010101
010101
010101
010101
010101
010102
010103
010101
010101
000000
0D0D0D
ECECEB
FFF9F8
FFDCDD
892C2C
240000
100000
000000
363736
FFFFFF
FFF6F6
FDEEEC
AB9291
090000
0D0000
030000
010101
010101
010101
000000
0A0A0A
C7C7C7
FFFFFF
FFFFFF
FFFFFF
FFFFFF
FFFFFF
FFFFFF
F7F7F7
0B0B0B
000000
010101
010101
010101
010101
010101
010101
010101
010101
010101
010101
010101
010101
010101
010101
010101
010101
010101
010101
010101
010101
010101
010101
010101
010101
010101
010101
010101
010101
010101
010101
010101
010101
010101
010101
010101
010101
010102
010103
010101
010101
010101
010000
070707
F0D8D7
B03031
B42021
8F2929
2C0000
120000
010000
3D3535
FDF9F8
E2A8A7
932827
6E1C1C
230000
0E0000
050001
020101
010101
010101
000000
060606
CCCCCC
FFFFFF
FFFFFF
FFFFFF
FFFFFF
FFFFFF
FFFFFF
E8E8E8
020202
010101
010101
010101
010101
010101
010101
010101
010101
010101
010101
010101
010101
010101
010101
010101
010101
010101
010101
010101
010101
010101
010101
010101
010101
010101
010101
010101
010101
010101
010101
010101
010101
010101
010101
010101
010101
010101
020202
010101
010101
010101
040000
0D0001
390202
B01D1E
CE1415
C51B19
9F2120
2C0101
110000
0A0000
450C0B
B72424
CD1415
CD1A1A
811312
1F0101
0C0000
030101
010101
010101
010101
010101
020202
D1D1D1
FFFFFF
FFFFFE
F8F8F8
F7F7F7
FFFFFF
FFFFFF
E8E8E8
070707
000000
010101
010101
010101
010101
010101
010101
010101
010101
010101
010101
010101
010101
010101
010101
010101
010101
010101
010101
010101
010101
010101
010101
010101
010101
010101
010101
010101
010101
010101
010101
010101
010101
010101
010101
010101
020202
010101
010101
010101
020000
090000
2F0000
610000
BD1818
D31413
C01D1C
862929
200303
0E0000
280000
7B0607
D11516
DE0E0F
C12020
671A1A
170202
050101
000101
000000
010101
010101
010101
000000
D3D3D1
F0F0F0
0D0D0C
000000
EFEFEF
FFFFFF
FFFFFF
E3E3E3
0E0E0E
010101
010101
010101
010101
010101
010101
010101
010101
010101
010101
010101
010101
010101
010101
010101
010101
010101
010101
010101
010101
010101
010101
010101
010101
010101
010101
010101
010101
010101
010101
010101
010101
010101
010101
010101
010101
010101
010101
010101
020001
040000
0D0000
310000
560000
B8191A
C11B1D
A02A2A
6A2A2A
0B0000
0C0000
250000
740708
CE1717
C61A1A
A32C2B
4B1616
020000
000100
010100
010101
010101
010101
010101
000000
000000
010101
010101
020202
EAEAEA
FFFFFF
FFFFFF
CACACA
000000
010101
010101
010101
010101
010101
010101
010101
010101
010101
010101
010101
010101
010101
010101
010101
010101
010101
010101
010101
010101
010101
010101
010101
010101
010101
010101
010101
010101
010101
010101
010101
010101
010101
010101
010101
010101
010101
010101
000000
000201
040000
0B0000
300000
5A0101
9B2223
7B2324
210000
0A0000
000001
080000
2D0000
760B0A
A42525
651212
1D0000
070101
000100
010100
010101
010101
010101
010101
010101
010101
020202
010101
000000
050505
E0E0E0
C4C4C4
000000
010101
010101
010101
010101
010101
010101
010101
010101
010101
010101
010101
010101
010101
010101
010101
010101
010101
010101
010101
010101
010101
010101
010101
010101
010101
010101
010101
010101
010101
010101
010101
010101
010101
010101
010100
010100
010101
010101
010100
010100
010101
020001
040000
0D0000
250000
220000
110000
0B0000
040000
010001
030001
0F0000
1E0000
1C0000
110000
0B0000
020101
010101
010101
010101
000000
010101
010101
010101
010101
010101
000000
010101
010101
000000
000000
010101
010101
010101
010101
010101
010101
010101
010101
010101
010101
010101
010101
010101
010101
010101
010101
010101
010101
010101
010101
010101
010101
010101
010101
010101
010101
010101
010101
010101
010101
010101
010101
010101
010101
010101
010100
010100
010101
010101
010100
010100
010101
010101
010101
030000
060000
060000
010000
000101
020001
020001
010101
020001
020000
010001
000002
000102
010101
020202
010101
010101
010101
010101
000000
010101
010101
010101
010101
010101
010101
010101
010101
010101
000000
010101
010101
010101
010101
010101
010101
010101
010101
010101
010101
010101
010101
010101
010101
010101
010101
010101
010101
010101
010101
010101
010101
010101
010101
010101
010101
010101
010101
010101
010101
010101
010101
010101
000201
000201
010101
010101
010101
010101
010101
010101
010101
020001
030000
030000
020001
010101
010101
010101
010101
010101
020001
020001
010101
010101
010101
010101
010101
010100
010100
010101
010101
010101
010101
010101
010101
010101
010101
010101
010101
010101
010101
010101
010101
010101
010101
010101
010101
010101
010101
010101
010101
010101
010101
010101
010101
010101
010101
010101
010101
010101
010101
010101
010101
010101
010101
010101
010101
010101
010101
010101
010101
010101
010101
010101
000201
000202
010101
010101
010101
010101
010101
010101
010102
010102
010101
010101
010101
010101
010101
010101
010101
010101
010101
010101
010101
010101
010101
010101
010101
010100
010100
010101
010101
010101
010101
010101
010101
010101
010101
010101
010101
010101
010101
010101
010101
010101
010101
010101
010101
010101
010101
010101
010101
010101
010101
010101
010101
010101
010101
010101
010101
010101
010101
010101
010101
010101
010101
010101
010101
010101
010101
010101
010101
010101
010101
010101
010102
010103
010101
010101
010101
010101
010101
010101
000103
000103
010101
010101
010101
010101
010101
010101
010101
010101
010101
010101
010101
010100
010100
010101
010101
010101
010101
010101
010101
010101
010101
010101
010101
010101
010101
010101
010101
010101
010101
010101
010101
010101
010101
010101
010101
010101
010101
010101
010101
010101
010101
010101
010101
010101
010101
010101
010101
010101
010101
010101
010101
010101
010101
010101
010101
010101
010101
010101
010101
010101
010101
010101
010102
010102
010101
010101
010101
010101
010101
010101
000102
000102
010101
010101
010101
010101
010101
010101
010101
010101
010101
010101
010101
010101
010100
010101
010101
010101
010101
010101
010101
010101
010101
010101
010101
010101
010101
010101
010101
010101
010101
010101
010101
010101
010101
010101
010101
010101
010101
010101
010101
010101
010101
010101
010101
010101
010101
010101
010101
010101
010101
010101
010101
010101
010101
010101
010101
010101
010101
010101
010101
010101
010101
010101
010101
010101
010101
010101
000201
000201
010101
010101
010101
010101
010101
010101
010101
010101
010101
010101
010101
010101
010101
010102
020003
010101
010101
010101
010101
010101
010101
020001
020001
010101
010101
010101
010101
010101
010101
010101
010101
010101
010101
010101
010101
010101
010101
010101
010101
010101
010101
010101
010101
010101
010101
010101
010101
010101
010101
010101
010101
010101
010101
010101
010101
010101
010101
010101
010101
010101
010101
010101
010101
010101
010101
010101
010101
010101
010101
010101
000201
000201
010101
010101
010101
010101
010101
010101
010101
010101
010101
010101
010102
010101
010101
010102
020002
010102
010101
010101
010101
010101
010101
020001
020001
010101
010101
010101
010101
010101
010101
010101
010101
010101
010101
010101
010101
010101
010101
010101
010101
010101
010101
010101
010101
010101
010101
010101
010101
010101
010101
010101
010101
010101
010101
010101
010101
010101
010101
010101
010101
010101
010101
010101
010101
010101
010101
010101
010101
010101
010101
010101
010101
010101
010101
010101
000201
000201
010101
010101
010101
010101
010101
010101
010103
010102
010101
010101
010101
010101
010101
010100
010100
010101
010101
010101
010101
010101
010101
010101
010101
010101
010101
010101
010101
010101
010101
010101
010101
010101
010101
010101
010101
010101
010101
010101
010101
010101
010101
010101
010101
010101
010101
010101
010101
010101
010101
010101
010101
010101
010101
010101
010101
010101
010101
010101
010101
010101
010101
010101
010101
010101
010101
010101
010101
010101
010101
010101
010101
010101
010101
010101
010101
010101
010101
010101
010102
010101
010101
010101
010101
010101
010101
010101
010101
010101
010101
010101
010101
010101
010101
010101
010101
010101
010101
010101
010101
010101
010101
010101
010101
010101
010101
010101
010101
010101
010101
010101
010101
010101
010101
010101
010101
010101
010101
010101
010101
010101
010101
010101
010101
010101
010101
010101
010101
010101
010101
010101
010101
010101
010101
010101
010101
010101
010101
010101
010101
010101
010101
010101
010101
010101
010101
010101
010101
010101
010101
010101
010101
010101
010101
010101
010101
010101
010101
010101
010101
010101
010101
010101
010101
010101
010101
010101
010101
010101
010101
010101
010101
010101
010101
010101
010101
010101
010101
010101
010101
010101
010101
010101
010101
010101
010101
010101
010101
010101
010101
010101
010101
010101
010101
010101
010101
010101
010101
010101
010101
010101
010101
010101
010101
010101
010101
010101
010101
010101
010101
010101
010101
010101
010101
010101
010101
010101
010101
010101
010101
010101
010101
010101
010101
010101
010101
010101
010101
010101
010101
010101
010101
010101
010101
010101
010101
010101
010101
010101
010101
010101
010101
010101
010101
010101
010101
010101
010101
010101
010101
010101
010101
010101
010101
010101
010101
010101
010101
010101
010101
010101
010101
010101
010101
010101
010101
010101
010101
010101
010101
010101
010101
010101
010101
010101
010101
010101
010101
010101
010101
010101
010101
010101
010101
010101
010101
010101
010101
010101
010101
010101
010101
010101
010101
010101
010101
010101
010101
010101
010101
010101
010101
010101
010101
010101
010101
010101
010101
010101
010101
010101
010101
010101
010101
010101
010101
010101
010101
010101
010101
010101
010101
010101
010101
010101
010101
010101
010101
010101
010101
010101
010101
010101
010101
010101
010101
010101
010101
010101
010101
010101
010101
010101
010101
010101
010101
010101
010101
010101
010101
010101
010101
010101
010101
010101
010101
010101
010101
010101
010101
010101
010101
010101
010101
010101
010101
010101
010101
010101
010101
010101
010101
010101
010101
010101
010101
010101
010101
010101
010101
010101
010101
010101
010101
010101
010101
010101
010101
010101
010101
010101
010101
010101
010101
010101
010101
010101
010101
010101
010101
010101
010101
010101
010101
010101
010101
010101
010101
010101
010101
010101
010101
010101
010101
010101
010101
010101
010101
010101
010101
010101
010101
010101
010101
010101
010101
010101
010101
010101
010101
010101
010101
010101
010101
010101
010101
010101
010101
010101
010101
010101
010101
010101
010101
010101
010101
010101
010101
010101
010101
010101
010101
010101
010101
010101
010101
010101
010101
010101
010101
010101
010101
010101
010101
010101
010101
010101
010101
010101
010101
010101
010101
010101
010101
010101
010101
010101
010101
010101
010101
010101
010101
010101
010101
010101
010101
010101
010101
010101
010101
010101
010101
010101
010101
010101
010101
010101
010101
010101
010101
010101
010101
010101
010101
010101
010101
010101
010101
010101
010101
010101
010101
010101
010101
010101
010101
010101
010101
010101
010101
010101
010101
010101
010101
010101
010101
010101
010101
010101
010101
010101
010101
010101
010101
010101
010101
010101
010101
010101
010101
010101
010101
010101
010101
010101
010101
010101
010101
010101
010101
010101
010101
010101
010101
010101
010101
010101
010101
010101
010101
010101
010101
010101
010101
010101
010101
010101
010101
010101
010101
010101
010101
010101
010101
010101
010101
010101
010101
010101
010101
010101
010101
010101
010101
010101
010101
010101
010101
010101
010101
010101
010101
010101
010101
010101
010101
010101
010101
010101
010101
010101
010101
010101
010101
010101
010101
010101
010101
010101
010101
010101
010101
010101
010101
010101
010101
010101
010101
010101
010101
010101
010101
010101
010101
010101
010101
010101
010101
010101
010101
010101
010101
010101
010101
010101
010101
010101
010101
010101
010101
010101
010101
010101
010101
010101
010101
010101
010101
010101
010101
010101
010101
010101
010101
010101
010101
010101
010101
010101
010101
010101
010101
010101
010101
010101
010101
010101
010101
010101
010101
010101
010101
010101
010101
010101
010101
010101
010101
010101
010101
010101
010101
010101
010101
010101
010101
010101
010101
010101
010101
010101
010101
010101
010101
010101
010101
010101
010101
010101
010101
010101
010101
010101
010101
010101
010101
010101
010101
010101
010101
010101
010101
010101
010101
010101
010101
010101
010101
010101
010101
010101
010101
010101
010101
010101
010101
010101
010101
010101
010101
010101
010101
010101
010101
010101
010101
010101
010101
010101
010101
010101
010101
010101
010101
010101
010101
010101
010101
010101
010101
010101
010101
010101
010101
010101
010101
010101
010101
010101
010101
010101
010101
010101
010101
010101
010101
010101
010101
010101
010101
010101
010101
010101
010101
010101
010101
010101
010101
010101
010101
010101
010101
010101
010101
010101
010101
010101
010101
010101
010101
010101
010101
010101
010101
010101
010101
010101
010101
010101
010101
010101
010101
010101
010101
010101
010101
010101
010101
010101
010101
010101
010101
010101
010101
010101
010101
010101
010101
010101
010101
010101
010101
010101
010101
010101
010101
010101
010101
010101
010101
010101
010101
010101
010101
010101
010101
010101
010101
010101
010101
