010101
010101
010101
010101
010101
010101
010101
010101
010101
010101
010101
010101
010101
010101
010101
010101
010101
010101
010101
010101
010101
010101
010101
010101
010101
010101
010101
010101
010101
010101
010101
010103
010102
010101
010101
010101
010101
010101
010101
010101
010101
010101
010101
010101
010101
010101
010101
010101
010101
010101
010101
010101
010101
010101
010101
010101
010101
010101
010101
010101
010101
010101
010101
010101
010101
010101
010101
010101
010101
010101
010101
010101
010101
010101
010101
010101
010101
010101
010101
010101
010101
010101
010101
010101
010101
010101
010101
010101
010101
010101
010101
010101
010101
010101
010101
010101
010101
010101
010101
010101
010101
010101
010101
010103
010102
010101
010101
010101
010101
010101
010101
010101
010101
010101
010101
010101
010101
010101
010101
010101
010101
010101
010101
010101
010101
010101
010101
010101
010101
010101
010101
010101
010101
010101
010101
010101
010101
010101
010101
010101
010101
010101
010101
010101
010101
010101
010101
010101
010101
010101
010101
010101
010101
010101
010101
010101
010101
010101
010101
010101
010101
010101
010101
010101
010101
010101
010101
010101
010101
010101
010101
010101
010101
010101
010101
010101
010101
010101
010101
010101
010101
010101
010101
010101
010101
010101
010101
010101
010101
010101
010101
010101
010101
010101
010101
010101
010101
010101
010101
010101
010101
010101
010101
010101
010101
010101
010101
010101
010101
010101
010101
010101
010101
010101
010101
010101
010101
010101
010101
010101
010101
010101
010101
010101
010101
010101
010101
010101
010101
010101
010101
010101
010101
010101
010101
010101
010101
010101
010101
010101
010101
010101
010101
010101
010101
010101
010101
010101
010101
010101
010101
010101
010101
010101
010101
010101
010101
010101
010101
010101
010101
010101
010101
010101
010101
010101
010101
010101
010101
010101
010101
010101
010101
010101
010101
010101
010101
010101
010101
010101
010101
010101
010101
010101
010101
010101
010101
010101
010101
010101
010101
010101
010101
010101
010101
010101
010101
010101
010101
010101
010101
010101
010101
010101
010101
010101
010101
010101
010101
010101
010101
010101
010101
010101
010101
010101
010101
010101
010101
010101
010101
010101
010101
010101
020001
020001
010101
010101
010101
010101
010101
010101
020001
020001
010101
010101
010101
010101
010101
010101
010101
010101
010101
010101
010101
010101
010101
010101
010101
010101
010101
010101
010101
010101
010101
010101
010101
010101
010101
010101
010101
010101
010101
010101
010101
010101
010101
010101
010101
010101
010101
010101
010101
010101
010101
010101
010101
010101
010101
010101
010101
010101
010101
010101
010101
010101
010101
010101
010101
010101
010101
010101
010101
010101
010101
010101
020001
020001
010101
010101
010101
010101
010101
010101
020001
020001
010101
010101
010101
010101
010101
010101
010101
010101
010101
010101
010101
010101
010101
010101
010101
010101
010101
010101
010101
010101
010101
010101
010101
010101
010101
010101
010101
010101
010101
010101
010101
010101
010101
010101
010101
010101
010101
010101
010101
010101
010101
010101
010101
010101
010101
010101
010101
010101
010101
010101
010101
010101
010101
010101
010101
010101
010101
000103
000102
010101
010101
010101
010101
010101
010101
010101
020001
020001
010101
010101
010101
010101
010101
010101
010101
010101
010101
010101
010101
010101
010101
010101
010101
010101
010101
010101
010101
010101
010101
010101
010101
010101
010101
010101
010101
010101
010101
010101
010101
010101
010101
010101
010101
010101
010101
010101
010101
010101
010101
010101
010101
010101
010101
010101
010101
010101
010101
010101
010101
010101
010101
010101
010101
010101
010101
010101
010101
010101
010101
000103
000102
010101
010101
010101
010102
010102
010101
010101
020001
020001
010101
010101
010101
010101
010101
010101
010101
010101
010101
010101
010101
010101
010101
010101
010101
010101
010101
010101
010101
010101
010101
010101
010101
010101
010101
010101
010101
010101
010101
010101
010101
010101
010101
010101
010101
010101
010101
010101
010101
010101
010101
010101
010101
010101
010101
010101
010101
010101
010101
010101
010101
010101
010101
010101
010101
010101
010101
010101
010101
010101
010101
000002
010102
010101
010101
020201
020203
010104
010102
010101
010101
010101
010000
000000
000000
000000
000000
010101
010101
010101
010101
010101
010101
010101
010101
010101
010101
010101
010101
010101
010101
010101
010101
010101
010101
010101
010101
010101
010101
010101
010101
010101
010101
010101
010101
010101
010101
010101
010101
010101
010101
010101
010101
010101
010101
010101
010101
010101
010101
010101
010101
010101
010101
010101
010101
010101
010101
010101
010101
010101
010101
010101
010101
010102
010102
010101
010101
000001
000002
010103
010102
010101
010101
010101
010001
535152
616161
616161
070707
010101
010101
010101
000000
010101
010101
010101
010101
010101
010101
010101
010101
010101
010101
010101
010101
010101
010101
010101
010101
010101
010101
010101
010101
010101
010101
010101
010101
010101
010101
010101
010101
010101
010101
010101
010101
010101
010101
010101
010101
010101
010101
010101
010101
010101
010101
010101
010101
010101
010101
010101
010101
010101
010101
010101
010101
010101
010201
010101
010101
000000
000002
010102
010102
010101
010101
010101
000000
F3F3F3
FFFFFF
FFFFFF
030303
000000
010101
010101
010101
010101
010101
010101
010101
010101
010101
010101
010101
010101
010101
010101
010101
010101
010101
010101
010101
010101
010101
010101
010101
010101
010101
010101
010101
010101
010101
010101
010101
010101
010101
010101
010101
010101
010101
010101
010101
010101
010101
010101
010101
010101
010101
010101
010101
010101
010101
010101
010101
010101
010101
010101
010101
010100
020102
010101
010101
010101
010101
010101
010101
000000
010101
010101
000000
717171
F0F0F0
FFFFFF
828282
040404
010101
010101
010101
010101
000000
010101
010101
010101
010101
010101
010101
010101
010101
010101
010101
010101
010101
010101
010101
010101
010101
010101
010101
010101
010101
010101
010101
010101
010101
010101
010101
010101
010101
010101
010101
010101
010101
010101
010101
010101
010101
010101
010101
010101
010101
010101
010101
010101
010101
010101
010101
010101
010101
010101
010101
020000
020001
010101
010101
010101
020000
020000
020001
000000
010101
000000
000000
000000
DCDCDC
FFFFFF
FFFFFF
000000
010101
010101
010101
010101
000000
010101
010101
010101
010101
010101
010101
010101
010101
010101
010101
010101
010101
010101
010101
010101
010101
010101
010101
010101
010101
010101
010101
010101
010101
010101
010101
010101
010101
010101
010101
010101
010101
010101
010101
010101
010101
010101
010101
010101
010101
010101
010101
010101
010101
010101
010101
010101
010101
010101
010101
020101
010101
010101
000101
000101
030000
050000
030000
010101
000000
7D7D7C
969696
929292
F2F2F2
FFFFFF
FFFFFF
959595
020202
010101
020202
010101
010101
010101
010101
010101
010101
010101
010101
010101
010101
010101
010101
010101
010101
010101
010101
010101
010101
010101
010101
010101
010101
010101
010101
010101
010101
010101
010101
010101
010101
010101
010101
010101
010101
010101
010101
010101
010101
010101
010101
010101
010101
010101
010101
010101
010101
010101
010101
010101
010101
010101
010101
000000
010101
020001
070000
0E0000
1B0000
1F0000
0E0000
080000
040000
545453
EDEDED
FFFFFF
FFFFFF
FFFFFF
FFFFFF
FFFFFF
030303
010101
010101
010101
010101
010101
010101
010101
010101
010101
010101
010101
010101
010101
010101
010101
010101
010101
010101
010101
010101
010101
010101
010101
010101
010101
010101
010101
010101
010101
010101
010101
010101
010101
010101
010101
010101
010101
010101
010101
010101
010101
010101
010101
010101
010101
010101
020202
010101
010101
000000
000000
000000
000000
010101
010100
020100
080000
200000
3E0000
500000
740E0D
762321
340C0C
0D0000
000000
C9C9C9
FFFFFF
FFFFFF
FFFFFF
FFFFFF
FDFDFD
000000
010101
010101
010101
010101
010101
010101
010101
010101
010101
010101
010101
010101
010101
010101
010101
010101
010101
010101
010101
010101
010101
010101
010101
010101
010101
010101
010101
010101
010101
010101
010101
010101
010101
010101
010101
010101
010101
010101
010101
010101
010101
010101
010101
010101
010101
010101
010101
010101
000000
121212
C6C6C6
B6B6B6
8F8F8F
000000
020100
090000
1B0000
5D0A0A
A71716
B90C0B
C91212
C02626
5C0D0D
0E0000
000000
C9C9C9
FFFFFF
FFFFFF
FFFFFF
FFFFFF
FEFEFE
B1B1B1
000000
000000
010101
000000
020202
010101
010101
010101
010101
010101
010101
010101
010101
010101
010101
010101
010101
010101
010101
010101
010101
010101
010101
010101
010101
010101
010101
010101
010101
010101
010101
010101
010101
010101
010101
010101
010101
010101
010101
010101
010101
020202
010101
010101
010101
010101
010101
010101
000101
060606
5E605F
FFFFFF
FAFAFA
929392
010000
1F0000
630A0A
B51A1B
E01112
F00908
EC0809
D91012
A00F0E
B58B8A
C1C1C1
F3F3F3
FFFFFF
FFFFFF
FFFFFF
FEFEFF
FFFFFF
FFFFFF
000000
010101
010101
010101
010101
010101
010101
000201
000201
010101
010101
010101
010101
010101
010101
010101
010101
010101
010101
010101
010101
010101
010101
010101
010101
010101
010101
010101
010101
010101
010101
010101
010101
010101
010101
010101
010101
010101
010101
010101
010101
010101
010101
010101
010101
020001
030000
040000
060000
000000
1A1919
FFFFFF
FFFFFF
C3C4C3
000000
270000
7B0E0E
D41B1B
F30506
FD0101
F90302
EC0807
C00B0A
EEBAB9
FFFFFF
FFFFFF
FFFFFF
FFFFFF
FFFFFF
FFFFFF
FFFFFF
FDFDFD
C0C0BF
000000
010101
010101
010101
010101
010101
000201
000201
010101
010101
010101
010101
010101
010101
010101
010101
010101
010101
010101
010101
010101
010101
010101
010101
010101
010101
010101
010101
010101
010101
010101
010101
010101
010101
010101
010101
010101
010101
020202
010101
010101
010103
010103
000101
020000
060000
0B0000
0F0000
0C0000
262021
FFFFFF
FFFFFF
F5F5F5
9B9A9A
020000
2C0000
950404
F60808
FF0000
FC0201
EF0605
C30808
E9B4B3
FFFFFF
FEFFFF
FEFFFF
FFFFFF
FFFFFF
FFFFFF
FFFFFF
FFFFFF
F5F5F5
000000
010101
010101
010101
010101
010101
010101
010101
010101
010101
010101
010101
010101
010101
010101
010101
010101
010101
010101
010101
010101
010101
010101
010101
010101
010101
010101
010101
010101
010101
010101
010101
010101
010101
010101
010101
010101
010101
010101
000000
010001
030000
080000
100000
1C0000
320000
350101
693131
1A0000
090404
434343
FFFFFF
FFFFFF
AEADAC
343434
E4E0E0
D77676
D70000
F70403
F40505
DA0A0B
A30B0B
E1B7B6
FFFFFF
FEFFFF
FEFFFF
FFFFFF
FFFFFF
FFFFFF
FFFFFF
FFFFFF
FDFDFD
CDCDCD
000000
010101
010101
010101
010101
010101
010101
010101
010101
010101
010101
010101
010101
010101
010101
010101
010101
010101
010101
010101
010101
010101
010101
010101
010101
010101
010101
010101
010101
010101
010101
010101
010101
010101
010101
010101
000201
000201
010101
030000
070000
230200
430000
610000
B71514
B51919
922B2A
260000
060000
212121
FFFFFF
FFFFFF
F8F8F7
EFEFEF
FFFFFE
FEE5E5
E46A6A
DB0303
DC0000
EB8787
F7E4E3
FCF4F3
FEFEFE
FFFFFE
FFFFFD
FFFFFF
FFFFFF
FFFFFF
FFFFFF
FFFFFF
FFFFFF
ECECEC
000000
010101
010101
010101
010102
010103
010102
010101
010101
010101
010101
010101
010101
010101
010101
010101
010101
010101
010101
010101
010101
010101
010101
010101
010101
010101
010101
010101
010101
010101
010101
010101
000000
000000
000000
000000
010202
000201
010202
060000
130000
380000
A11D1C
CD1112
ED0706
E60C0B
B31C1C
380000
2E1B1B
F3F3F3
FFFFFF
FFFFFF
FFFFFF
FFFFFF
FFFEFE
FFF6F6
D68282
C20B0C
D30103
ED9999
FFFFFF
FFFEFD
FEFFFF
FFFFFD
FFFFFD
FFFFFF
FFFFFF
FFFFFF
FFFFFF
FFFFFF
FFFFFF
E9E9E9
000000
010101
010101
010101
010102
010103
010102
010101
010101
010101
010101
010101
010101
010101
010101
010101
010101
010101
010101
010101
010101
010101
010101
010101
010101
010101
010101
010101
010101
010101
010101
000000
757575
F7F7F7
F7F7F7
5D5D5D
000000
030303
000101
090000
280000
882524
CC1817
EF0706
FA0202
F30505
D80E0D
B23332
F9F4F4
FFFFFF
FFFFFF
FFFFFF
FFFFFF
FFFFFF
FFFFFE
FFF4F4
FEE7E8
E96A6B
DB0202
B01515
DCB2B1
FFFFFE
FFFEFE
FFFFFF
FFFFFF
FFFFFF
FFFFFF
FDFDFD
FDFDFD
FDFDFD
FFFFFF
FEFEFE
D9D9D9
000000
010101
010101
010101
010101
010101
010101
010101
010101
010101
010101
010101
010101
010101
010101
010101
010101
010101
010101
010101
010101
010101
010101
010101
010101
010101
010101
010101
010101
010101
000000
7B7B7B
FFFFFF
FFFFFF
666666
080808
C8C8C8
4C4D4D
040202
1E0000
510000
C90F10
F50504
FA0202
F80302
EE0406
CD2929
FCEDED
FFFBFB
FFFDFD
FFFFFF
FFFFFF
FFFFFF
FFFFFE
FFFFFF
FFFAFC
E37474
D70402
C30A09
E39D9C
FEF6F6
FEFCFC
FEFEFE
FFFFFF
FFFFFF
FFFFFF
111111
020202
0B0B0B
FFFFFF
FFFFFF
E1E1E1
070707
010101
010101
010101
010101
010101
010101
010101
010101
010101
010101
010101
010101
010101
010101
010101
010101
010101
010101
010101
010101
010101
010101
010101
010101
010101
010101
010101
010101
010101
000000
737373
F8F8F8
FFFFFF
FFFFFF
FFFFFF
FFFFFF
FFFFFF
363131
140C0C
450E0D
B92323
E20D0C
EF0606
F60201
F70304
D31010
A64141
FFFBFA
FFFCFC
FFFFFF
FFFFFF
FFFFFE
FEFEFC
FFFFFF
FFFDFC
DC7F7F
CC0D0E
D7100F
AF0D0D
E4B5B5
FFFFFF
FFFFFF
FFFFFF
FFFFFF
FFFFFF
1E1E1E
000001
080809
F1F1F1
FFFFFF
FFFFFF
D9D9D9
000000
010101
010101
010101
010101
010101
010101
010101
010101
010101
010101
010101
010101
010101
010101
010101
010101
010101
010101
010101
010101
010101
010101
010101
010101
010101
010101
000000
010101
010101
000000
858585
FFFFFF
FFFFFF
FFFFFF
FFFFFF
FFFFFF
393837
DAD8D7
FFF3F1
FFDAD9
BE2423
C51314
DE1E1E
E80706
D90D0D
B93B39
FFF4F3
FFFAF9
FFFFFF
FFFFFF
FFFFFE
FFFFFD
FFFFFE
FFFBFB
FFEEF0
D66869
B70E0E
AC2120
E6BEBC
FFFFFF
FFFFFF
FFFEFF
FFFCFF
FFFCFF
FFFFFF
090811
000002
0A0A0A
FFFFFF
FFFFFF
DAD1D0
020000
050000
010101
010101
010101
020202
010101
010101
010101
010101
010101
010101
010101
010101
010101
010101
010101
010101
010101
010101
010101
010101
010101
010101
010101
010101
010101
010101
010101
020202
000000
767676
F2F2F2
FFFFFF
FFFFFF
FFFFFF
FFFFFD
FFFFFF
FFFFFF
FFF9F8
FFE5E5
9D5150
9C494A
FED0CF
D12928
D01010
C33030
F6D7D7
FFF8F8
FFFFFF
FFFFFF
FFFFFF
FFFFFF
FFFFFF
FFFEFD
FFF9F9
C38A8C
883636
DFBCBC
FFFFFF
FFFEFE
FFFFFF
FFFCFF
E1D3EF
E0D0F0
E2D8EE
070721
000007
100D0E
E5E3E3
FFF6F7
D5A8A9
290504
0B0000
000101
010100
000000
010100
010100
010101
010101
010101
010101
010101
010101
010101
010101
010101
010101
010101
010101
010101
010101
010101
010101
010101
010101
010101
010101
010101
010101
010101
010101
000000
8E8E8E
FFFFFF
FFFFFF
FFFFFF
FFFFFE
FEFEFC
FFFFFD
FFFDFC
FFEFF0
FFFCFD
FFFEFE
FFECEB
FEC6C6
C81112
C81112
B83B3B
FFFFFF
FFFDFC
FFFEFF
FFFFFF
FFFFFF
FFFFFF
FFFEFD
FFFAFB
FFFBFC
FFFEFF
FFFAF9
FFFBFB
FFFEFF
FFFFFF
FEFDFF
594898
200C84
1E0F71
03003A
010013
090000
2D0707
F0B2B3
A21818
8D2222
150000
060000
030000
010100
010100
010100
010101
010101
010101
010101
010101
010101
010101
010101
010101
010101
010101
010101
010101
010101
010101
010101
010101
010101
010101
010101
010101
010101
010101
010101
000000
979797
FFFFFF
FFFFFF
FFFFFF
FFFFFF
FFFFFF
FFFFFF
FFFEFE
FFFEFD
FFFCFC
FFFCFC
FFF3F3
FBC6C7
BD1011
D90D0E
CC3132
ECD6D5
FFFAFA
FFFDFE
FFFFFF
FEFFFF
FEFFFF
FFFFFE
FFFCFD
FFFCFD
FFFFFF
FFFEFC
FFFDFE
FFFFFF
FFFFFF
FCF5FF
FFFEFF
382395
1F0B8A
534595
000015
190000
5A0202
B61819
D81213
AF1515
380707
0F0000
050000
010101
010101
010101
010101
010101
010101
010101
010101
010101
010101
010101
010101
010101
010101
010101
010101
010101
010101
010101
010101
010101
010101
010101
010101
010101
020202
010101
000000
707070
E8E8E8
FFFFFF
FFFFFF
FFFFFF
FFFFFF
FFFFFF
FFFFFF
FFFFFF
FFFFFF
FFFFFF
FFF9F9
FBD9DA
BD4849
CC1213
B00F10
924B4B
FFFFFF
FFFCFD
FFFFFF
FFFFFF
FFFFFF
FFFCFC
FFF8F8
F4CFCF
E1BBBB
F5E8E8
FFFDFD
FFFEFF
FEFAFF
FFFCFF
FFF7FF
7460B2
5949A1
FFFAFF
3F3D4E
150000
4A0202
AC1716
E50C0B
D21718
7D2323
140000
070000
000101
010101
010101
010101
010101
010101
010101
010101
010101
010101
010101
010101
010101
010101
010101
010101
010101
010101
010101
010101
010101
010101
010101
010101
010101
010101
010101
010101
000000
9F9F9F
FFFFFF
FFFFFF
FFFFFF
FFFFFF
FFFFFD
FFFFFD
FFFFFF
FFFFFF
FFFFFF
FFFDFC
FFFBFB
FBD9D9
A01D1C
BD5A5A
B38789
FFFDFD
FFFCFC
FFFFFF
FFFFFE
FFFDFD
FFF9F9
F4C9C9
C64848
8C0505
DAAEAD
FFFFFF
FEFCFE
FCF7FF
C9BADD
BBA8DC
CDBDDF
FFFFFF
FFFDFF
FFFFFF
060000
170000
5D0101
DE1515
D31414
841E1E
1B0000
090000
000101
010101
010101
010101
010101
010101
010101
010101
010101
010101
010101
010101
010101
010101
010101
010101
010101
010101
010101
010101
010101
010101
010101
000000
010101
010101
010101
010101
000000
6A6A6A
E3E3E3
FFFFFF
FEFEFE
FFFFFF
FFFFFE
FFFFFE
FFFFFF
FFFFFF
FFFFFF
FFFEFF
FFFFFE
F7E4E3
B67E7E
FFFEFF
FFFEFF
FFF5F6
FFF6F7
F4D5D5
E9C1C1
FFFFFF
FFFBFB
D26F6F
BD0204
C41010
D57170
F7E2E2
FEFBFE
FFFFFF
3F2D89
170088
140178
FEF7FF
FFFFFF
F7F7F7
000000
070000
3B0303
A21616
BC2525
8B2929
371010
070000
000101
010101
010101
010101
010101
010101
010101
010101
010101
010101
010101
010101
010101
010101
010101
010101
010101
010101
010101
010101
010101
010101
010101
010101
010101
010101
010101
010101
010101
000000
AEAEAE
FFFFFF
FFFFFF
FFFFFF
FFFFFF
FFFFFF
FFFFFF
FFFFFF
FFFFFF
FFFFFF
FFFEFF
FFFEFE
FFFFFF
FFFAFB
FFFDFD
F3DADC
D28B8C
CB5F5E
B43B3A
EDC8C8
FFFAFB
E9A6A6
D42A29
DF0A0A
B90100
E7AFAE
FFFFFF
FFFCFF
412D93
250EA1
281393
9892A8
FCFBFC
FAFAFA
5B5A5A
040000
160000
410303
6E1F1F
672222
471C1C
050000
000101
010101
010101
000000
010101
010101
010101
010101
010101
010101
010101
010101
010101
010101
010101
010101
010101
010101
010101
010101
010101
010101
010101
000000
010101
000000
010101
010101
010101
000000
626262
E0E0E0
FFFFFF
FFFFFF
FFFFFF
FFFFFF
9A9A9A
F8F8F8
FFFFFF
FFFFFF
FFFFFF
FFFFFF
FFFFFF
FFFFFF
FFFFFE
EED3D3
B24546
BB0D0C
C60605
DC6A6B
F3C3C4
EC8080
F03735
E90301
CA0404
F3B7B7
FFFFFF
FFFBFF
978FBE
23176D
190E58
000008
F6F4F5
FFF5F4
FFFFFE
080000
130000
1B0000
160000
180000
100000
060000
000101
010101
010101
010101
010101
010101
010101
010101
010101
010101
010101
010101
010101
010101
010101
010101
010101
010101
010101
010101
010101
010101
010101
010101
010101
010101
010101
010101
010101
010101
000000
B1B1B1
FFFFFF
FFFFFF
8B8B8A
848484
000000
FDFCFB
FEFBFF
FFFFFF
FFFFFF
FFFDFF
FFFEFF
FFFFFF
FFFEFD
FFF7FA
ECA4A5
B80403
E30707
EE3838
E0403F
DA0000
F00101
E20403
B80605
AB6161
ECE2E4
FFFCFF
FFFFFF
11111D
000006
050003
FFF7F7
FFE7E7
C38686
451818
170000
0A0000
060000
070000
050000
030000
020001
010101
000000
000000
010101
010101
010101
010101
010101
010101
010101
010101
010101
010101
010101
010101
010101
010101
010101
010101
010101
010101
010101
010101
010101
010101
010101
010101
010101
010101
000000
C2C3C2
FFFFFF
FFFEFF
8B8B8C
000001
000002
727186
FFF5FF
8D7CC9
9486C4
FFFFFF
FFFCFF
FFFFFF
FFFFFF
FFF6FE
F3CFD2
D35554
E40404
F20000
EC0001
F40506
E80203
E25555
D89392
B78D8D
ECE2E2
FFFFFF
FFFFFF
A4A4A2
0F0D0B
090000
966969
DA7270
A81616
893030
1E0000
090000
000201
000101
000100
010101
020101
010101
000000
000000
010101
010101
010101
010101
010101
010101
010101
010101
010101
010101
010101
010101
010101
010101
010101
010101
010101
010101
010101
020202
010101
010101
010101
010101
010101
010101
010101
4E4E4E
DCDBDC
FFFFFF
FFFFFF
222124
000006
00001F
7F6AC0
1C04A0
210C90
9083BE
FFFFFF
F2EBF2
958DAD
FFFCFF
FFFEFF
EDA4A3
C70101
DE0000
DB0000
E90203
D70000
F1A7A8
FFFFFF
FFFFFF
FFFFFF
FFFFFF
FFFFFF
8F8F8F
0D0B0B
0A0000
350000
C5100F
D51212
A02121
2A0000
0E0000
000201
010100
010100
010101
010101
010101
010101
010101
010101
010101
010101
010101
010101
010101
010101
010101
010101
010101
010101
010101
010101
010101
010101
010101
010101
010101
010101
010101
010101
010101
010101
010101
010101
010101
010101
000000
CCCCCC
FFFFFF
FFFFFF
101013
000001
010022
07005F
190688
180581
180386
7B66D4
644EBF
48398F
FFFFFF
FFFFFF
D2A09F
A53F3F
EC9F9F
EB9998
E44747
D20405
BE4749
E8CECF
FFFFFE
FFFFFF
727272
5E5E5E
010101
000000
070000
2E0000
920909
D31314
C21917
791312
150000
000101
010101
010101
010101
010101
010101
010101
010101
010101
010101
010101
010101
010101
010101
010101
010101
010101
010101
010101
010101
010101
010101
010101
010101
010101
010101
010101
010101
010101
010101
010101
010101
010101
010101
010101
010101
404040
DEDCDB
FFFFFF
B5B7B8
160F0E
02000C
050031
B6ABD2
B8ACD4
A591D8
0C00B0
1F03B8
332095
958EB5
FFFFFF
EEDEDE
E1CCCB
FFFFFF
FFFFFF
D37676
AD0304
8B0606
D2A9A8
FFFFFF
FFFEFE
B1B1B1
0F0F0F
000000
010101
020101
1C0000
5B0000
BE1C1C
CD1615
A61F1E
170000
000000
010101
010101
010101
010101
010101
010101
010101
010101
010101
010101
010101
010101
010101
010101
010101
010101
010101
010101
010101
010101
010101
010101
010101
010101
010101
010101
010101
010101
010101
010101
010101
010101
010101
010101
020001
000000
CAC6C6
FFF7F7
FFFFFF
2E1312
0D0001
080213
FFFFFF
FFFFFF
FFF7FF
A997DF
241289
1A1064
3E3A64
FFFFFF
FFFFFF
FFFFFF
FFFCFC
FFF9F9
F0D0D1
E4B2B4
DFB6B6
F3E4E4
FFFDFD
FFFFFF
FFFFFF
2B2B2B
000000
010101
010101
150000
4B0101
A62C2C
B32728
8F2929
100000
010101
010101
010101
010101
010101
010101
010101
010101
010101
010101
010101
010101
010101
010101
010101
010101
010101
010101
010101
010101
010101
010101
010101
010101
010101
010101
010101
010101
010101
010101
010101
010101
010101
010101
010101
010001
000000
DDCFD0
CA7273
BE4E4D
792B2C
210202
0B0002
444344
FFFFFF
FFFFFF
E5DFE7
00001A
050425
3F4054
FFFFFF
FFFFFF
FFFFFF
FFFFFF
FFFDFB
FFFFFF
FFFFFF
FFFFFF
FFFFFF
FFFEFE
FFFFFF
FFFFFF
1B1B1B
000000
010101
010101
0E0000
2C0000
500B0B
4C0B0B
390B0B
0C0000
000101
010101
010101
010101
010101
010101
010101
010101
010101
010101
010101
010101
010101
010101
010101
010101
010101
010101
010101
010101
010101
010101
010101
010101
010101
010101
010101
010101
010101
010101
010101
010101
010101
010101
010102
030002
060000
4E2626
B01A1B
C8100F
A32B2C
300203
0F0000
020202
FFFFFF
FFFEFF
F9F9FA
ABABB0
000003
0C0C0F
7B7C7D
D5D5D5
333333
8A8A8A
FFFFFF
FFFEFF
FFFFFF
FFFFFF
FFFFFF
FFFFFF
FFFFFF
FFFFFD
D4D4D4
191919
000000
010101
060000
100000
160000
130000
0D0000
060000
010101
010101
010101
010101
010101
010101
010101
010101
010101
010101
010101
010101
010101
010101
010101
010101
010101
010101
010101
010101
010101
010101
010101
010101
010101
010101
010101
010101
010101
010101
010101
010101
010101
010101
010102
030103
070000
2A0000
B61414
DC1111
BA1F1F
410001
160000
030102
373434
FFFFFF
FFFBFC
E2D4D3
000000
030000
0C090B
1D1D1D
000000
6F6F6F
FFFFFF
FFFEFF
FFFEFF
FFFFFF
FFFFFF
FFFFFF
FFFFFF
FFFFFD
FFFFFF
161616
000000
010101
010101
020101
020101
020201
010201
010101
010101
010101
010101
010101
010101
010101
010101
010101
010101
010101
010101
010101
010101
010101
010101
010101
010101
010101
010101
010101
010101
010101
010101
010101
010101
010101
010101
010101
010101
010101
010101
010101
010101
010101
000000
010001
030000
1C0000
670202
C41211
CF1516
A71D1D
250101
030000
180909
FFF5F4
F8CBCB
8B302F
180000
0E0000
030000
000000
020202
0D0D0D
8A8A8A
FFFFFF
FFFFFF
FFFFFF
FFFFFF
FFFFFF
FFFFFF
FFFFFF
FFFFFF
E4E4E4
141414
000001
010103
010101
010101
010101
010101
010101
010101
010101
010101
010101
010101
010101
010101
010101
010101
010101
010101
010101
010101
010101
010101
010101
010101
010101
010101
010101
010101
010101
010101
010101
010101
010101
010101
010101
010101
010101
010101
010101
010101
010101
010101
010101
000101
0F0000
460000
AA1B1B
C91719
B62121
270101
080000
1E0807
5A1617
C22C2C
B51C1C
752121
190000
090000
000101
010101
000000
7B7B7B
FFFFFF
FFFFFF
FFFFFF
FFFFFF
FFFFFF
FFFFFF
FFFFFF
FFFFFF
FFFFFF
171717
000001
010103
010101
010101
010101
010101
010101
010101
010101
010101
010101
010101
010101
010101
010101
010101
010101
010101
010101
010101
010101
010101
010101
010101
010101
010101
010101
010101
010101
010101
010101
010101
010101
010101
010101
010101
010101
010101
010101
010101
010101
010101
010101
020102
0D0000
320000
8A2A29
A2292A
942F30
1D0102
070000
120000
500000
D21514
DB1212
A01B19
320000
0E0000
000101
010101
010101
070707
8D8D8D
FFFFFF
FFFFFF
FFFFFF
FFFFFF
FFFFFF
FFFFFF
FFFFFF
FFFFFF
151515
000000
010101
010101
010101
010101
010101
010101
010101
010101
010101
010101
010101
010101
010101
010101
010101
010101
010101
010101
010101
010101
010101
010101
010101
010101
010101
010101
010101
010101
010101
010101
010101
010101
010101
010101
010101
010101
010101
010101
010101
010101
010101
010101
010001
080000
190000
310101
330101
2B0202
100000
050000
0D0000
4C0202
D01716
E00D0C
C51A19
801E1C
0D0000
000101
010101
010101
000000
848484
FEFEFE
FFFFFF
FFFFFF
FFFFFF
FFFFFF
FFFFFF
FFFFFF
FFFFFF
F8F8F8
10100F
000000
010101
010101
010101
010101
010101
010101
010101
010101
010101
010101
010101
010101
010101
010101
010101
010101
010101
010101
010101
010101
010101
010101
010101
010101
010101
010101
010101
010101
010101
010101
010101
010101
010101
010101
010101
010101
010101
010101
010101
010101
010101
010101
030000
080000
0D0000
100000
0E0000
050000
020001
050000
290000
7A0303
CF1916
CA1B18
8A1B1A
0E0000
000101
010101
010101
020202
010101
949494
FFFFFF
FFFFFF
FFFFFF
FFFFFF
FFFFFF
FFFFFF
FFFFFF
FFFFFF
101010
000000
010101
010101
010101
010101
010101
010101
010101
010101
010101
010101
010101
010101
010101
010101
010101
010101
010101
010101
010101
010101
010101
010101
010101
010101
010101
010101
010101
010101
010101
010101
010101
010101
010101
010101
010101
010101
010101
010101
010101
010101
010101
010101
010101
010103
010103
010101
020202
010101
010101
020101
180000
530505
A22827
A52422
741F1E
0B0000
000202
010101
010101
010101
000000
949494
FFFFFF
FFFFFF
FFFFFF
FFFFFF
FFFFFF
FFFFFF
F2F2F2
F0F0F0
0F0F0F
000000
010101
010101
010101
010101
010101
010101
010101
010101
010101
010101
010101
010101
010101
010101
010101
010101
010101
010101
010101
010101
010101
010101
010101
010101
010101
010101
010101
010101
010101
010101
010101
010101
010101
010101
010101
010101
010101
010101
010101
010101
000000
010101
010101
000000
010101
000201
000201
010101
010101
010101
080000
170000
230000
1B0000
120000
050101
010202
010101
010101
010101
000000
868686
F6F6F6
FFFFFF
FFFFFF
FFFFFF
FFFFFF
FFFFFF
171717
000000
010101
010101
010101
010101
010101
010101
010101
010101
010101
010101
010101
010101
010101
010101
010101
010101
010101
010101
010101
010101
010101
010101
010101
010101
010101
010101
010101
010101
010101
010101
010101
010101
010101
010101
010101
010101
010101
010101
010101
010101
010101
010101
010101
010101
010101
010101
010101
010101
010101
010101
010101
010101
010000
030000
020000
000001
000000
000000
000000
010101
010101
010101
010101
000000
A1A1A1
EEEEEE
E0E0E0
FBFBFB
FFFFFF
FFFFFF
3B3B3B
030303
010101
010101
010101
010101
010101
010101
010101
010101
010101
010101
010101
010101
010101
010101
010101
010101
010101
010101
010101
010101
010101
010101
010101
010101
010101
010101
010101
010101
010101
010101
010101
010101
010101
010101
010101
010101
010101
010101
010101
010101
010101
010101
010101
020001
010000
010101
010101
010101
010101
010101
010101
010101
010101
020001
020001
010101
000201
010101
010101
010101
010101
010101
010101
000000
969696
4B4B4B
000000
A0A0A0
F7F7F7
FFFFFF
FFFFFF
131313
000000
010101
010101
010101
010101
010101
010101
010101
010101
010101
010101
010101
010101
010101
010101
010101
010101
010101
010101
010101
010101
010101
010101
010101
010101
010101
010101
010101
010101
010101
010101
010101
010101
010101
010101
010101
010101
010101
010101
010101
010101
010101
010101
020001
020001
000000
010101
030102
020001
010101
010101
010101
010101
020003
010103
010101
000201
010101
010101
000000
000000
010101
010101
010101
000000
000000
010101
000000
CFCFCF
FFFFFF
FFFFFF
454545
030303
010101
010101
010101
010101
010101
010101
010101
010101
010101
010101
010101
010101
010101
010101
010101
010101
010101
010101
010101
010101
010101
010101
010101
010101
010101
010101
010101
010101
010101
010101
010101
010101
010101
010101
010101
010101
010101
010101
010101
010101
010101
010101
010103
010103
010101
010101
010101
010101
010101
010101
010101
010101
010101
010101
010103
010103
010101
010101
010101
010101
010101
010101
010101
010101
010101
000000
000000
9B9B9B
F5F5F5
FFFFFF
FFFFFF
121212
000000
010101
010101
010101
010101
010101
010101
010101
010101
010101
010101
010101
010101
010101
010101
010101
010101
010101
010101
010101
010101
010101
010101
010101
010101
010101
010101
010101
010101
010101
010101
010101
010101
010101
010101
010101
010101
010101
010101
010101
010101
010101
010102
010102
010101
010101
010101
010101
010101
010101
010101
010101
010101
010101
010102
010102
010101
010101
010101
010101
010101
010101
010101
020202
010101
010101
010101
000000
DDDDDD
FFFFFF
BEBEBE
0B0B0B
000000
010101
010101
010101
010101
010101
010101
010101
010101
010101
010101
010101
010101
010101
010101
010101
010101
010101
010101
010101
010101
010101
010101
010101
010101
010101
010101
010101
010101
010101
010101
010101
010101
010101
010101
010101
010101
010101
010101
010101
010101
010101
010101
010101
010101
010101
010101
010101
010101
010101
010101
010101
010101
010101
010101
010101
010101
010101
010101
010101
010101
010101
010101
010101
010101
000000
010101
000000
909090
AAAAAA
000000
000000
010101
010101
010101
010101
010101
010101
010101
010101
010101
010101
010101
010101
010101
010101
010101
010101
010101
010101
010101
010101
010101
010101
010101
010101
010101
010101
010101
010101
010101
010101
010101
010101
010101
010101
010101
010101
010101
010101
010101
010101
010101
010101
010101
010101
010101
010101
010101
010101
010101
010101
010101
010101
010101
010101
010101
010101
010101
010101
010101
010101
010101
010101
010101
010101
010101
010101
010101
010101
000000
000000
000000
010101
010101
010101
010101
010101
010101
010101
010101
010101
010101
010101
010101
010101
010101
010101
010101
010101
010101
010101
010101
010101
010101
010101
010101
010101
010101
010101
010101
010101
010101
010101
010101
010101
010101
010101
010101
010101
010101
010101
010101
010101
010101
010101
010101
010101
010101
010101
010101
010101
010101
010101
010101
010101
010101
010101
010101
010101
010101
010101
010101
010101
010101
010101
010101
010101
010101
010101
010101
010101
010101
010101
010101
010101
010101
010101
010101
010101
010101
010101
010101
010101
010101
010101
010101
010101
010101
010101
010101
010101
010101
010101
010101
010101
010101
010101
010101
010101
010101
010101
010101
010101
010101
010101
010101
010101
010101
010101
010101
010101
010101
010101
010101
010101
010101
010102
010101
010101
010101
010101
010101
010101
010101
010101
010101
010101
010101
010101
010101
010101
010101
010101
010101
010101
010101
010101
010101
010101
010101
010101
020202
010101
010101
010101
010101
010101
010101
010101
010101
010101
010101
010101
010101
010101
010101
010101
010101
010101
010101
010101
010101
010101
010101
010101
010101
010101
010101
010101
010101
010101
010101
010101
010101
010101
010101
010101
010101
010101
010101
010101
010101
010101
010101
010101
010101
010101
010102
010103
010101
010101
010101
010101
010101
010101
010101
010101
010101
010101
010101
010101
010101
010101
010101
010101
010101
010101
010101
010101
010101
010101
010101
010101
020202
010101
010101
010101
000000
010101
010101
010101
010101
010101
010101
010101
010101
010101
010101
010101
010101
010101
010101
010101
010101
010101
010101
010101
010101
010101
010101
010101
010101
010101
010101
010101
010101
010101
010101
010101
010101
010101
010101
010101
010101
010101
010101
010101
010101
010101
010101
010102
010101
010101
010101
010101
010101
010101
010101
010101
010101
010101
010101
010101
010101
010101
010101
010101
010101
010101
010101
010101
010101
010101
010101
010101
010101
010101
010101
010101
010101
010101
010101
010101
010101
010101
010101
010101
010101
010101
010101
010101
010101
010101
010101
010101
010101
010101
010101
010101
010101
010101
010101
010101
010101
010101
010101
010101
010101
010101
010101
010101
010101
010101
010101
010101
010101
010101
010101
010101
010101
010101
010101
010101
010101
010101
010101
010101
010101
010101
010101
010101
010101
010101
010101
010101
010101
010101
010101
010101
010101
010101
010101
010101
010101
010101
010101
010101
010101
010101
010101
010101
010101
010101
010101
010101
010101
010101
010101
010101
010101
010101
010101
010101
010101
010101
010101
010101
010101
010101
010101
010101
010101
010101
010101
010101
010101
010101
010101
010101
010101
010101
010101
010101
010101
010101
010101
010101
010101
010101
010101
010101
010101
010101
010101
010101
010101
010101
010101
010101
010101
010101
010101
010101
010101
010101
010101
010101
010101
010101
010101
010101
010101
010101
010101
010101
010101
010101
010101
010101
010101
010101
010101
010101
010101
010101
010101
010101
010101
010101
010101
010101
010101
010101
010101
010101
010101
010101
010101
010101
010101
010101
010101
010101
010101
010101
010101
010101
010101
010101
010101
010101
010101
010101
010101
010101
010101
010101
010101
010101
010101
010101
010101
010101
010101
010101
010101
010101
010101
010101
010101
010101
010101
010101
010101
010101
010101
010101
010101
010101
010101
010101
010101
010101
010101
010101
010101
010101
010101
010101
010101
010101
010101
010101
010101
010101
010101
010101
010101
010101
010101
010101
010101
010101
010101
010101
010101
010101
010101
010101
010101
010101
010101
010101
010101
010101
010101
010101
010101
010101
010101
010101
010101
010101
010101
010101
010101
010101
010101
010101
010101
010101
010101
010101
010101
010101
010101
010101
010101
010101
010101
010101
010101
010101
010101
010101
010101
010101
010101
010101
010101
010101
010101
010101
010101
010101
010101
010101
010101
010101
010101
010101
010101
010101
010101
010101
010101
010101
010101
010101
010101
010101
010101
010101
010101
010101
010101
010101
010101
010101
010101
010101
010101
010101
010101
010101
010101
010101
010101
010101
010101
010101
010101
010101
010101
010101
010101
010101
010101
010101
010101
010101
010101
010101
010101
010101
010101
010101
010101
010101
010101
010101
010101
010101
010101
010101
010101
010101
010101
010101
010101
010101
010101
010101
010101
010101
010101
010101
010101
010101
010101
010101
010101
010101
010101
010101
010101
010101
010101
010101
010101
010101
010101
010101
010101
010101
010101
010101
010101
010101
010101
010101
010101
010101
010101
010101
010101
010101
010101
010101
010101
010101
010101
010101
010101
010101
010101
010101
010101
010101
010101
010101
010101
010101
010101
010101
010101
010101
010101
010101
010101
010101
010101
010101
010101
010101
010101
010101
010101
010101
010101
010101
010101
010101
010101
010101
010101
010101
010101
010101
010101
010101
010101
010101
010101
010101
010101
010101
010101
010101
010101
010101
010101
010101
010101
010101
010101
010101
010101
010101
010101
010101
010101
010101
010101
010101
010101
010101
010101
010101
010101
010101
010101
010101
010101
010101
010101
010101
010101
010101
010101
010101
010101
010101
010101
010101
010101
010101
010101
010101
010101
010101
010101
010101
010101
010101
010101
010101
010101
010101
010101
010101
010101
010101
010101
010101
010101
010101
010101
010101
010101
010101
010101
010101
010101
010101
010101
010101
010101
010101
010101
010101
010101
010101
010101
010101
010101
010101
010101
010101
010101
010101
010101
010101
010101
010101
010101
010101
010101
010101
010101
010101
010101
010101
010101
010101
010101
010101
010101
010101
010101
010101
010101
010101
010101
010101
010101
010101
010101
010101
010101
010101
010101
010101
010101
010101
010101
010101
010101
010101
010101
010101
010101
010101
010101
010101
010101
010101
010101
010101
010101
010101
010101
010101
010101
010101
010101
010101
010101
010101
010101
010101
010101
010101
010101
010101
010101
010101
010101
010101
010101
010101
010101
010101
010101
010101
010101
010101
010101
010101
010101
010101
010101
010101
010101
010101
010101
010101
010101
010101
010101
010101
010101
010101
010101
010101
010101
010101
010101
010101
010101
010101
010101
010101
010101
010101
010101
010101
010101
010101
010101
010101
010101
010101
010101
010101
010101
010101
010101
010101
010101
010101
010101
010101
010101
010101
010101
010101
010101
010101
010101
010101
010101
010101
010101
010101
010101
010101
010101
010101
010101
010101
010101
010101
010101
010101
010101
010101
010101
010101
010101
010101
010101
010101
010101
010101
010101
010101
010101
010101
010101
010101
010101
010101
010101
010101
010101
010101
010101
010101
010101
010101
010101
010101
010101
010101
010101
010101
010101
010101
010101
010101
010101
010101
010101
010101
010101
010101
010101
010101
010101
010101
010101
010101
010101
010101
010101
010101
010101
010101
010101
010101
010101
010101
010101
010101
010101
010101
010101
010101
010101
010101
010101
010101
010101
010101
010101
010101
010101
010101
010101
010101
010101
010101
010101
010101
010101
010101
010101
010101
010101
010101
010101
010101
010101
010101
010101
